文件字节显微镜解析结果
解析文件: D:\ideacode\experiment\experiment2\sample\large_test.txt
文件大小: 18055 字节
总页数: 19
========================================

--- 第 1 页 / 共 19 页 ---
行号     0  1  2  3  4  5  6  7  8  9 10 11 12 13 14 15 16 17 18 19 20 21 22 23 24 25 26 27 28 29 30 31
-----------------------------------------------------------------------------------------------------
000   70  61  63  6B  61  67  65  20  74  65  73  74  3B  0D  0A  70  75  62  6C  69  63  20  63  6C  61  73  73  20  54  65  73  74 
001   20  7B  0D  0A  20  20  20  20  70  75  62  6C  69  63  20  73  74  61  74  69  63  20  76  6F  69  64  20  6D  61  69  6E  28 
002   53  74  72  69  6E  67  5B  5D  20  61  72  67  73  29  20  7B  0D  0A  20  20  20  20  20  20  20  20  53  79  73  74  65  6D 
003   2E  6F  75  74  2E  70  72  69  6E  74  6C  6E  28  22  42  79  74  65  53  63  6F  70  65  20  54  65  73  74  22  29  3B  0D 
004   0A  20  20  20  20  20  20  20  20  69  6E  74  20  61  20  3D  20  30  78  31  32  3B  0D  0A  20  20  20  20  20  20  20  20 
005   62  79  74  65  20  62  20  3D  20  30  78  33  34  3B  0D  0A  20  20  20  20  20  20  20  20  63  68  61  72  20  63  20  3D 
006   20  27  41  27  3B  0D  0A  20  20  20  20  20  20  20  20  2F  2F  20  54  65  73  74  20  63  6F  6D  6D  65  6E  74  0D  0A 
007   20  20  20  20  20  20  20  20  74  72  79  20  7B  0D  0A  20  20  20  20  20  20  20  20  20  20  20  20  53  79  73  74  65 
008   6D  2E  6F  75  74  2E  70  72  69  6E  74  6C  6E  28  61  20  2B  20  62  29  3B  0D  0A  20  20  20  20  20  20  20  20  7D 
009   20  63  61  74  63  68  20  28  45  78  63  65  70  74  69  6F  6E  20  65  29  20  7B  0D  0A  20  20  20  20  20  20  20  20 
010   20  20  20  20  65  2E  70  72  69  6E  74  53  74  61  63  6B  54  72  61  63  65  28  29  3B  0D  0A  20  20  20  20  20  20 
011   20  20  7D  0D  0A  20  20  20  20  7D  0D  0A  7D  0D  0A  2F  2A  0D  0A  4D  75  6C  74  69  2D  6C  69  6E  65  20  63  6F 
012   6D  6D  65  6E  74  20  66  6F  72  20  62  79  74  65  20  74  65  73  74  0D  0A  31  32  33  34  35  36  37  38  39  30  61 
013   62  63  64  65  66  67  68  69  6A  6B  6C  6D  6E  6F  70  71  72  73  74  75  76  77  78  79  7A  0D  0A  41  42  43  44  45 
014   46  47  48  49  4A  4B  4C  4D  4E  4F  50  51  52  53  54  55  56  57  58  59  5A  0D  0A  21  40  23  24  25  5E  26  2A  28 
015   29  5F  2B  2D  3D  5B  5D  7B  7D  3B  27  3A  5C  22  2C  2E  2F  3C  3E  3F  0D  0A  2A  2F  5C  72  5C  6E  5C  74  5C  62 
016   5C  66  0D  0A  E4  B8  AD  E6  96  87  E6  B5  8B  E8  AF  95  20  43  68  69  6E  65  73  65  20  54  65  73  74  0D  0A  E2 
017   9C  85  F0  9F  94  A5  F0  9F  9A  80  0D  0A  42  79  74  65  53  63  6F  70  65  20  54  65  73  74  20  46  69  6C  65  20 
018   2D  20  32  30  4B  42  20  53  61  6D  70  6C  65  0D  0A  54  68  69  73  20  66  69  6C  65  20  69  73  20  64  65  73  69 
019   67  6E  65  64  20  66  6F  72  20  4A  61  76  61  20  42  79  74  65  53  63  6F  70  65  20  65  78  70  65  72  69  6D  65 
020   6E  74  2E  0D  0A  49  74  20  63  6F  6E  74  61  69  6E  73  20  45  6E  67  6C  69  73  68  20  6C  65  74  74  65  72  73 
021   2C  20  6E  75  6D  62  65  72  73  2C  20  73  79  6D  62  6F  6C  73  2C  20  6E  65  77  6C  69  6E  65  73  2C  20  73  70 
022   61  63  65  73  2C  20  61  6E  64  20  72  65  70  65  61  74  65  64  20  63  6F  6E  74  65  6E  74  20  74  6F  20  72  65 
023   61  63  68  20  61  62  6F  75  74  20  32  30  4B  42  2E  0D  0A  59  6F  75  20  63  61  6E  20  75  73  65  20  74  68  69 
024   73  20  66  69  6C  65  20  74  6F  20  74  65  73  74  20  66  69  6C  65  20  72  65  61  64  69  6E  67  2C  20  68  65  78 
025   20  64  69  73  70  6C  61  79  2C  20  70  61  67  69  6E  67  2C  20  75  70  2F  64  6F  77  6E  20  70  61  67  65  2C  20 
026   66  69  72  73  74  20  70  61  67  65  2C  20  6C  61  73  74  20  70  61  67  65  2C  20  6A  75  6D  70  20  70  61  67  65 
027   2C  20  73  61  76  65  20  72  65  73  75  6C  74  20  66  75  6E  63  74  69  6F  6E  73  2E  0D  0A  0D  0A  30  31  32  33 
028   34  35  36  37  38  39  20  41  42  43  44  45  46  47  48  49  4A  4B  4C  4D  4E  4F  50  51  52  53  54  55  56  57  58  59 
029   5A  20  61  62  63  64  65  66  67  68  69  6A  6B  6C  6D  6E  6F  70  71  72  73  74  75  76  77  78  79  7A  0D  0A  21  40 

--- 第 2 页 / 共 19 页 ---
行号     0  1  2  3  4  5  6  7  8  9 10 11 12 13 14 15 16 17 18 19 20 21 22 23 24 25 26 27 28 29 30 31
-----------------------------------------------------------------------------------------------------
030   23  24  25  5E  26  2A  28  29  5F  2B  2D  3D  5B  5D  7B  7D  3B  27  3A  5C  22  2C  2E  2F  3C  3E  3F  60  7E  0D  0A  4C 
031   69  6E  65  20  31  3A  20  54  65  73  74  20  64  61  74  61  20  66  6F  72  20  62  79  74  65  20  76  69  65  77  0D  0A 
032   4C  69  6E  65  20  32  3A  20  45  61  63  68  20  62  79  74  65  20  77  69  6C  6C  20  62  65  20  64  69  73  70  6C  61 
033   79  65  64  20  61  73  20  74  77  6F  20  68  65  78  20  64  69  67  69  74  73  0D  0A  4C  69  6E  65  20  33  3A  20  46 
034   69  6C  65  20  73  69  7A  65  20  61  62  6F  75  74  20  32  30  4B  42  0D  0A  4C  69  6E  65  20  34  3A  20  53  75  69 
035   74  61  62  6C  65  20  66  6F  72  20  70  61  67  69  6E  67  20  64  69  73  70  6C  61  79  20  74  65  73  74  0D  0A  4C 
036   69  6E  65  20  35  3A  20  4A  61  76  61  20  49  4F  20  53  74  72  65  61  6D  20  54  65  73  74  0D  0A  4C  69  6E  65 
037   20  36  3A  20  53  77  69  6E  67  20  47  55  49  20  54  65  73  74  0D  0A  4C  69  6E  65  20  37  3A  20  45  78  63  65 
038   70  74  69  6F  6E  20  48  61  6E  64  6C  69  6E  67  20  54  65  73  74  0D  0A  4C  69  6E  65  20  38  3A  20  46  69  6C 
039   65  20  53  61  76  65  20  54  65  73  74  0D  0A  4C  69  6E  65  20  39  3A  20  48  65  78  20  46  6F  72  6D  61  74  20 
040   4F  75  74  70  75  74  20  54  65  73  74  0D  0A  4C  69  6E  65  20  31  30  3A  20  42  79  74  65  20  41  6E  61  6C  79 
041   73  69  73  20  54  6F  6F  6C  0D  0A  0D  0A  3D  3D  3D  3D  3D  3D  3D  3D  3D  3D  3D  3D  3D  3D  3D  3D  3D  3D  3D  3D 
042   3D  3D  3D  3D  3D  3D  3D  3D  3D  3D  3D  3D  3D  3D  3D  3D  3D  3D  3D  3D  3D  3D  3D  3D  3D  3D  3D  3D  3D  3D  3D  3D 
043   3D  3D  3D  3D  3D  3D  3D  3D  3D  3D  3D  3D  3D  3D  3D  3D  3D  3D  3D  3D  3D  3D  3D  3D  3D  3D  3D  3D  0D  0A  52  45 
044   50  45  41  54  45  44  20  42  4C  4F  43  4B  20  53  54  41  52  54  20  28  74  6F  20  6D  61  6B  65  20  66  69  6C  65 
045   20  32  30  4B  42  29  0D  0A  3D  3D  3D  3D  3D  3D  3D  3D  3D  3D  3D  3D  3D  3D  3D  3D  3D  3D  3D  3D  3D  3D  3D  3D 
046   3D  3D  3D  3D  3D  3D  3D  3D  3D  3D  3D  3D  3D  3D  3D  3D  3D  3D  3D  3D  3D  3D  3D  3D  3D  3D  3D  3D  3D  3D  3D  3D 
047   3D  3D  3D  3D  3D  3D  3D  3D  3D  3D  3D  3D  3D  3D  3D  3D  3D  3D  3D  3D  3D  3D  3D  3D  0D  0A  41  20  61  20  42  20 
048   62  20  43  20  63  20  44  20  64  20  45  20  65  20  46  20  66  20  47  20  67  20  48  20  68  20  49  20  69  20  4A  20 
049   6A  20  4B  20  6B  20  4C  20  6C  20  4D  20  6D  0D  0A  4E  20  6E  20  4F  20  6F  20  50  20  70  20  51  20  71  20  52 
050   20  72  20  53  20  73  20  54  20  74  20  55  20  75  20  56  20  76  20  57  20  77  20  58  20  78  20  59  20  79  20  5A 
051   20  7A  0D  0A  30  20  31  20  32  20  33  20  34  20  35  20  36  20  37  20  38  20  39  0D  0A  21  20  22  20  23  20  24 
052   20  25  20  26  20  27  20  28  20  29  20  2A  20  2B  20  2C  20  2D  20  2E  20  2F  20  3A  20  3B  20  3C  20  3D  20  3E 
053   20  3F  20  40  20  5B  20  5C  20  5D  20  5E  20  5F  20  60  20  7B  20  7C  20  7D  20  7E  0D  0A  4C  69  6E  65  3A  20 
054   30  30  30  31  20  7C  20  42  79  74  65  3A  20  30  30  20  30  31  20  30  32  20  30  33  20  30  34  20  30  35  20  30 
055   36  20  30  37  20  30  38  20  30  39  20  30  41  20  30  42  20  30  43  20  30  44  20  30  45  20  30  46  0D  0A  4C  69 
056   6E  65  3A  20  30  30  30  32  20  7C  20  42  79  74  65  3A  20  31  30  20  31  31  20  31  32  20  31  33  20  31  34  20 
057   31  35  20  31  36  20  31  37  20  31  38  20  31  39  20  31  41  20  31  42  20  31  43  20  31  44  20  31  45  20  31  46 
058   0D  0A  4C  69  6E  65  3A  20  30  30  30  33  20  7C  20  42  79  74  65  3A  20  32  30  20  32  31  20  32  32  20  32  33 
059   20  32  34  20  32  35  20  32  36  20  32  37  20  32  38  20  32  39  20  32  41  20  32  42  20  32  43  20  32  44  20  32 

--- 第 3 页 / 共 19 页 ---
行号     0  1  2  3  4  5  6  7  8  9 10 11 12 13 14 15 16 17 18 19 20 21 22 23 24 25 26 27 28 29 30 31
-----------------------------------------------------------------------------------------------------
060   45  20  32  46  0D  0A  4C  69  6E  65  3A  20  30  30  30  34  20  7C  20  42  79  74  65  3A  20  33  30  20  33  31  20  33 
061   32  20  33  33  20  33  34  20  33  35  20  33  36  20  33  37  20  33  38  20  33  39  20  33  41  20  33  42  20  33  43  20 
062   33  44  20  33  45  20  33  46  0D  0A  4C  69  6E  65  3A  20  30  30  30  35  20  7C  20  42  79  74  65  3A  20  34  30  20 
063   34  31  20  34  32  20  34  33  20  34  34  20  34  35  20  34  36  20  34  37  20  34  38  20  34  39  20  34  41  20  34  42 
064   20  34  43  20  34  44  20  34  45  20  34  46  0D  0A  4C  69  6E  65  3A  20  30  30  30  36  20  7C  20  42  79  74  65  3A 
065   20  35  30  20  35  31  20  35  32  20  35  33  20  35  34  20  35  35  20  35  36  20  35  37  20  35  38  20  35  39  20  35 
066   41  20  35  42  20  35  43  20  35  44  20  35  45  20  35  46  0D  0A  4C  69  6E  65  3A  20  30  30  30  37  20  7C  20  42 
067   79  74  65  3A  20  36  30  20  36  31  20  36  32  20  36  33  20  36  34  20  36  35  20  36  36  20  36  37  20  36  38  20 
068   36  39  20  36  41  20  36  42  20  36  43  20  36  44  20  36  45  20  36  46  0D  0A  4C  69  6E  65  3A  20  30  30  30  38 
069   20  7C  20  42  79  74  65  3A  20  37  30  20  37  31  20  37  32  20  37  33  20  37  34  20  37  35  20  37  36  20  37  37 
070   20  37  38  20  37  39  20  37  41  20  37  42  20  37  43  20  37  44  20  37  45  20  37  46  0D  0A  4C  69  6E  65  3A  20 
071   30  30  30  39  20  7C  20  44  61  74  61  20  66  6F  72  20  74  65  73  74  69  6E  67  20  68  65  78  61  64  65  63  69 
072   6D  61  6C  20  64  69  73  70  6C  61  79  20  66  6F  72  6D  61  74  0D  0A  4C  69  6E  65  3A  20  30  30  31  30  20  7C 
073   20  45  61  63  68  20  62  79  74  65  20  74  77  6F  20  68  65  78  20  63  68  61  72  61  63  74  65  72  73  2C  20  61 
074   6C  69  67  6E  65  64  20  64  69  73  70  6C  61  79  0D  0A  4C  69  6E  65  3A  20  30  30  31  31  20  7C  20  54  65  73 
075   74  69  6E  67  20  70  61  67  65  20  74  75  72  6E  69  6E  67  3A  20  70  72  65  76  20  70  61  67  65  20  6E  65  78 
076   74  20  70  61  67  65  20  66  69  72  73  74  20  6C  61  73  74  0D  0A  4C  69  6E  65  3A  20  30  30  31  32  20  7C  20 
077   54  65  73  74  69  6E  67  20  6A  75  6D  70  20  74  6F  20  70  61  67  65  20  66  75  6E  63  74  69  6F  6E  0D  0A  4C 
078   69  6E  65  3A  20  30  30  31  33  20  7C  20  54  65  73  74  69  6E  67  20  66  69  6C  65  20  73  61  76  65  20  74  6F 
079   20  74  78  74  20  66  75  6E  63  74  69  6F  6E  0D  0A  4C  69  6E  65  3A  20  30  30  31  34  20  7C  20  54  65  73  74 
080   69  6E  67  20  47  55  49  20  62  75  74  74  6F  6E  20  73  74  61  74  75  73  3A  20  65  6E  61  62  6C  65  20  2F  20 
081   64  69  73  61  62  6C  65  0D  0A  4C  69  6E  65  3A  20  30  30  31  35  20  7C  20  54  65  73  74  69  6E  67  20  65  6D 
082   70  74  79  20  66  69  6C  65  2C  20  6E  6F  72  6D  61  6C  20  66  69  6C  65  2C  20  6C  61  72  67  65  20  66  69  6C 
083   65  0D  0A  4C  69  6E  65  3A  20  30  30  31  36  20  7C  20  54  65  73  74  69  6E  67  20  65  78  63  65  70  74  69  6F 
084   6E  3A  20  66  69  6C  65  20  6E  6F  74  20  66  6F  75  6E  64  2C  20  69  6E  76  61  6C  69  64  20  70  61  67  65  20 
085   6E  75  6D  62  65  72  0D  0A  4C  69  6E  65  3A  20  30  30  31  37  20  7C  20  4A  61  76  61  20  42  79  74  65  53  63 
086   6F  70  65  20  45  78  70  65  72  69  6D  65  6E  74  20  2D  20  42  65  69  6A  69  6E  67  20  46  6F  72  65  73  74  72 
087   79  20  55  6E  69  76  65  72  73  69  74  79  0D  0A  4C  69  6E  65  3A  20  30  30  31  38  20  7C  20  43  6F  75  72  73 
088   65  3A  20  4A  61  76  61  20  50  72  6F  67  72  61  6D  6D  69  6E  67  20  4C  61  62  20  32  0D  0A  4C  69  6E  65  3A 
089   20  30  30  31  39  20  7C  20  54  65  61  63  68  65  72  3A  20  57  61  6E  67  20  4A  69  61  6E  78  69  6E  0D  0A  4C 

--- 第 4 页 / 共 19 页 ---
行号     0  1  2  3  4  5  6  7  8  9 10 11 12 13 14 15 16 17 18 19 20 21 22 23 24 25 26 27 28 29 30 31
-----------------------------------------------------------------------------------------------------
090   69  6E  65  3A  20  30  30  32  30  20  7C  20  53  74  75  64  65  6E  74  3A  20  5B  59  6F  75  72  20  4E  61  6D  65  5D 
091   20  5B  59  6F  75  72  20  53  74  75  64  65  6E  74  20  49  44  5D  0D  0A  0D  0A  41  20  61  20  42  20  62  20  43  20 
092   63  20  44  20  64  20  45  20  65  20  46  20  66  20  47  20  67  20  48  20  68  20  49  20  69  20  4A  20  6A  20  4B  20 
093   6B  20  4C  20  6C  20  4D  20  6D  0D  0A  4E  20  6E  20  4F  20  6F  20  50  20  70  20  51  20  71  20  52  20  72  20  53 
094   20  73  20  54  20  74  20  55  20  75  20  56  20  76  20  57  20  77  20  58  20  78  20  59  20  79  20  5A  20  7A  0D  0A 
095   30  20  31  20  32  20  33  20  34  20  35  20  36  20  37  20  38  20  39  0D  0A  21  20  22  20  23  20  24  20  25  20  26 
096   20  27  20  28  20  29  20  2A  20  2B  20  2C  20  2D  20  2E  20  2F  20  3A  20  3B  20  3C  20  3D  20  3E  20  3F  20  40 
097   20  5B  20  5C  20  5D  20  5E  20  5F  20  60  20  7B  20  7C  20  7D  20  7E  0D  0A  4C  69  6E  65  3A  20  30  30  32  31 
098   20  7C  20  42  79  74  65  3A  20  30  30  20  30  31  20  30  32  20  30  33  20  30  34  20  30  35  20  30  36  20  30  37 
099   20  30  38  20  30  39  20  30  41  20  30  42  20  30  43  20  30  44  20  30  45  20  30  46  0D  0A  4C  69  6E  65  3A  20 
100   30  30  32  32  20  7C  20  42  79  74  65  3A  20  31  30  20  31  31  20  31  32  20  31  33  20  31  34  20  31  35  20  31 
101   36  20  31  37  20  31  38  20  31  39  20  31  41  20  31  42  20  31  43  20  31  44  20  31  45  20  31  46  0D  0A  4C  69 
102   6E  65  3A  20  30  30  32  33  20  7C  20  42  79  74  65  3A  20  32  30  20  32  31  20  32  32  20  32  33  20  32  34  20 
103   32  35  20  32  36  20  32  37  20  32  38  20  32  39  20  32  41  20  32  42  20  32  43  20  32  44  20  32  45  20  32  46 
104   0D  0A  4C  69  6E  65  3A  20  30  30  32  34  20  7C  20  42  79  74  65  3A  20  33  30  20  33  31  20  33  32  20  33  33 
105   20  33  34  20  33  35  20  33  36  20  33  37  20  33  38  20  33  39  20  33  41  20  33  42  20  33  43  20  33  44  20  33 
106   45  20  33  46  0D  0A  4C  69  6E  65  3A  20  30  30  32  35  20  7C  20  42  79  74  65  3A  20  34  30  20  34  31  20  34 
107   32  20  34  33  20  34  34  20  34  35  20  34  36  20  34  37  20  34  38  20  34  39  20  34  41  20  34  42  20  34  43  20 
108   34  44  20  34  45  20  34  46  0D  0A  4C  69  6E  65  3A  20  30  30  32  36  20  7C  20  42  79  74  65  3A  20  35  30  20 
109   35  31  20  35  32  20  35  33  20  35  34  20  35  35  20  35  36  20  35  37  20  35  38  20  35  39  20  35  41  20  35  42 
110   20  35  43  20  35  44  20  35  45  20  35  46  0D  0A  4C  69  6E  65  3A  20  30  30  32  37  20  7C  20  42  79  74  65  3A 
111   20  36  30  20  36  31  20  36  32  20  36  33  20  36  34  20  36  35  20  36  36  20  36  37  20  36  38  20  36  39  20  36 
112   41  20  36  42  20  36  43  20  36  44  20  36  45  20  36  46  0D  0A  4C  69  6E  65  3A  20  30  30  32  38  20  7C  20  42 
113   79  74  65  3A  20  37  30  20  37  31  20  37  32  20  37  33  20  37  34  20  37  35  20  37  36  20  37  37  20  37  38  20 
114   37  39  20  37  41  20  37  42  20  37  43  20  37  44  20  37  45  20  37  46  0D  0A  4C  69  6E  65  3A  20  30  30  32  39 
115   20  7C  20  44  61  74  61  20  66  6F  72  20  74  65  73  74  69  6E  67  20  68  65  78  61  64  65  63  69  6D  61  6C  20 
116   64  69  73  70  6C  61  79  20  66  6F  72  6D  61  74  0D  0A  4C  69  6E  65  3A  20  30  30  33  30  20  7C  20  45  61  63 
117   68  20  62  79  74  65  20  74  77  6F  20  68  65  78  20  63  68  61  72  61  63  74  65  72  73  2C  20  61  6C  69  67  6E 
118   65  64  20  64  69  73  70  6C  61  79  0D  0A  4C  69  6E  65  3A  20  30  30  33  31  20  7C  20  54  65  73  74  69  6E  67 
119   20  70  61  67  65  20  74  75  72  6E  69  6E  67  3A  20  70  72  65  76  20  70  61  67  65  20  6E  65  78  74  20  70  61 

--- 第 5 页 / 共 19 页 ---
行号     0  1  2  3  4  5  6  7  8  9 10 11 12 13 14 15 16 17 18 19 20 21 22 23 24 25 26 27 28 29 30 31
-----------------------------------------------------------------------------------------------------
120   67  65  20  66  69  72  73  74  20  6C  61  73  74  0D  0A  4C  69  6E  65  3A  20  30  30  33  32  20  7C  20  54  65  73  74 
121   69  6E  67  20  6A  75  6D  70  20  74  6F  20  70  61  67  65  20  66  75  6E  63  74  69  6F  6E  0D  0A  4C  69  6E  65  3A 
122   20  30  30  33  33  20  7C  20  54  65  73  74  69  6E  67  20  66  69  6C  65  20  73  61  76  65  20  74  6F  20  74  78  74 
123   20  66  75  6E  63  74  69  6F  6E  0D  0A  4C  69  6E  65  3A  20  30  30  33  34  20  7C  20  54  65  73  74  69  6E  67  20 
124   47  55  49  20  62  75  74  74  6F  6E  20  73  74  61  74  75  73  3A  20  65  6E  61  62  6C  65  20  2F  20  64  69  73  61 
125   62  6C  65  0D  0A  4C  69  6E  65  3A  20  30  30  33  35  20  7C  20  54  65  73  74  69  6E  67  20  65  6D  70  74  79  20 
126   66  69  6C  65  2C  20  6E  6F  72  6D  61  6C  20  66  69  6C  65  2C  20  6C  61  72  67  65  20  66  69  6C  65  0D  0A  4C 
127   69  6E  65  3A  20  30  30  33  36  20  7C  20  54  65  73  74  69  6E  67  20  65  78  63  65  70  74  69  6F  6E  3A  20  66 
128   69  6C  65  20  6E  6F  74  20  66  6F  75  6E  64  2C  20  69  6E  76  61  6C  69  64  20  70  61  67  65  20  6E  75  6D  62 
129   65  72  0D  0A  4C  69  6E  65  3A  20  30  30  33  37  20  7C  20  4A  61  76  61  20  42  79  74  65  53  63  6F  70  65  20 
130   45  78  70  65  72  69  6D  65  6E  74  20  2D  20  42  65  69  6A  69  6E  67  20  46  6F  72  65  73  74  72  79  20  55  6E 
131   69  76  65  72  73  69  74  79  0D  0A  4C  69  6E  65  3A  20  30  30  33  38  20  7C  20  43  6F  75  72  73  65  3A  20  4A 
132   61  76  61  20  50  72  6F  67  72  61  6D  6D  69  6E  67  20  4C  61  62  20  32  0D  0A  4C  69  6E  65  3A  20  30  30  33 
133   39  20  7C  20  54  65  61  63  68  65  72  3A  20  57  61  6E  67  20  4A  69  61  6E  78  69  6E  0D  0A  4C  69  6E  65  3A 
134   20  30  30  34  30  20  7C  20  53  74  75  64  65  6E  74  3A  20  5B  59  6F  75  72  20  4E  61  6D  65  5D  20  5B  59  6F 
135   75  72  20  53  74  75  64  65  6E  74  20  49  44  5D  0D  0A  0D  0A  3D  3D  3D  3D  3D  3D  3D  3D  3D  3D  3D  3D  3D  3D 
136   3D  3D  3D  3D  3D  3D  3D  3D  3D  3D  3D  3D  3D  3D  3D  3D  3D  3D  3D  3D  3D  3D  3D  3D  3D  3D  3D  3D  3D  3D  3D  3D 
137   3D  3D  3D  3D  3D  3D  3D  3D  3D  3D  3D  3D  3D  3D  3D  3D  3D  3D  3D  3D  3D  3D  3D  3D  3D  3D  3D  3D  3D  3D  3D  3D 
138   3D  3D  0D  0A  52  45  50  45  41  54  20  54  48  45  20  41  42  4F  56  45  20  43  4F  4E  54  45  4E  54  20  4D  41  4E 
139   59  20  54  49  4D  45  53  20  54  4F  20  52  45  41  43  48  20  32  30  4B  42  0D  0A  3D  3D  3D  3D  3D  3D  3D  3D  3D 
140   3D  3D  3D  3D  3D  3D  3D  3D  3D  3D  3D  3D  3D  3D  3D  3D  3D  3D  3D  3D  3D  3D  3D  3D  3D  3D  3D  3D  3D  3D  3D  3D 
141   3D  3D  3D  3D  3D  3D  3D  3D  3D  3D  3D  3D  3D  3D  3D  3D  3D  3D  3D  3D  3D  3D  3D  3D  3D  3D  3D  3D  3D  3D  3D  3D 
142   3D  3D  3D  3D  3D  3D  3D  0D  0A  0D  0A  41  20  61  20  42  20  62  20  43  20  63  20  44  20  64  20  45  20  65  20  46 
143   20  66  20  47  20  67  20  48  20  68  20  49  20  69  20  4A  20  6A  20  4B  20  6B  20  4C  20  6C  20  4D  20  6D  0D  0A 
144   4E  20  6E  20  4F  20  6F  20  50  20  70  20  51  20  71  20  52  20  72  20  53  20  73  20  54  20  74  20  55  20  75  20 
145   56  20  76  20  57  20  77  20  58  20  78  20  59  20  79  20  5A  20  7A  0D  0A  30  20  31  20  32  20  33  20  34  20  35 
146   20  36  20  37  20  38  20  39  0D  0A  21  20  22  20  23  20  24  20  25  20  26  20  27  20  28  20  29  20  2A  20  2B  20 
147   2C  20  2D  20  2E  20  2F  20  3A  20  3B  20  3C  20  3D  20  3E  20  3F  20  40  20  5B  20  5C  20  5D  20  5E  20  5F  20 
148   60  20  7B  20  7C  20  7D  20  7E  0D  0A  4C  69  6E  65  3A  20  30  30  34  31  20  7C  20  42  79  74  65  3A  20  30  30 
149   20  30  31  20  30  32  20  30  33  20  30  34  20  30  35  20  30  36  20  30  37  20  30  38  20  30  39  20  30  41  20  30 

--- 第 6 页 / 共 19 页 ---
行号     0  1  2  3  4  5  6  7  8  9 10 11 12 13 14 15 16 17 18 19 20 21 22 23 24 25 26 27 28 29 30 31
-----------------------------------------------------------------------------------------------------
150   42  20  30  43  20  30  44  20  30  45  20  30  46  0D  0A  4C  69  6E  65  3A  20  30  30  34  32  20  7C  20  42  79  74  65 
151   3A  20  31  30  20  31  31  20  31  32  20  31  33  20  31  34  20  31  35  20  31  36  20  31  37  20  31  38  20  31  39  20 
152   31  41  20  31  42  20  31  43  20  31  44  20  31  45  20  31  46  0D  0A  4C  69  6E  65  3A  20  30  30  34  33  20  7C  20 
153   42  79  74  65  3A  20  32  30  20  32  31  20  32  32  20  32  33  20  32  34  20  32  35  20  32  36  20  32  37  20  32  38 
154   20  32  39  20  32  41  20  32  42  20  32  43  20  32  44  20  32  45  20  32  46  0D  0A  4C  69  6E  65  3A  20  30  30  34 
155   34  20  7C  20  42  79  74  65  3A  20  33  30  20  33  31  20  33  32  20  33  33  20  33  34  20  33  35  20  33  36  20  33 
156   37  20  33  38  20  33  39  20  33  41  20  33  42  20  33  43  20  33  44  20  33  45  20  33  46  0D  0A  4C  69  6E  65  3A 
157   20  30  30  34  35  20  7C  20  42  79  74  65  3A  20  34  30  20  34  31  20  34  32  20  34  33  20  34  34  20  34  35  20 
158   34  36  20  34  37  20  34  38  20  34  39  20  34  41  20  34  42  20  34  43  20  34  44  20  34  45  20  34  46  0D  0A  4C 
159   69  6E  65  3A  20  30  30  34  36  20  7C  20  42  79  74  65  3A  20  35  30  20  35  31  20  35  32  20  35  33  20  35  34 
160   20  35  35  20  35  36  20  35  37  20  35  38  20  35  39  20  35  41  20  35  42  20  35  43  20  35  44  20  35  45  20  35 
161   46  0D  0A  4C  69  6E  65  3A  20  30  30  34  37  20  7C  20  42  79  74  65  3A  20  36  30  20  36  31  20  36  32  20  36 
162   33  20  36  34  20  36  35  20  36  36  20  36  37  20  36  38  20  36  39  20  36  41  20  36  42  20  36  43  20  36  44  20 
163   36  45  20  36  46  0D  0A  4C  69  6E  65  3A  20  30  30  34  38  20  7C  20  42  79  74  65  3A  20  37  30  20  37  31  20 
164   37  32  20  37  33  20  37  34  20  37  35  20  37  36  20  37  37  20  37  38  20  37  39  20  37  41  20  37  42  20  37  43 
165   20  37  44  20  37  45  20  37  46  0D  0A  4C  69  6E  65  3A  20  30  30  34  39  20  7C  20  44  61  74  61  20  66  6F  72 
166   20  74  65  73  74  69  6E  67  20  68  65  78  61  64  65  63  69  6D  61  6C  20  64  69  73  70  6C  61  79  20  66  6F  72 
167   6D  61  74  0D  0A  4C  69  6E  65  3A  20  30  30  35  30  20  7C  20  45  61  63  68  20  62  79  74  65  20  74  77  6F  20 
168   68  65  78  20  63  68  61  72  61  63  74  65  72  73  2C  20  61  6C  69  67  6E  65  64  20  64  69  73  70  6C  61  79  0D 
169   0A  4C  69  6E  65  3A  20  30  30  35  31  20  7C  20  54  65  73  74  69  6E  67  20  70  61  67  65  20  74  75  72  6E  69 
170   6E  67  3A  20  70  72  65  76  20  70  61  67  65  20  6E  65  78  74  20  70  61  67  65  20  66  69  72  73  74  20  6C  61 
171   73  74  0D  0A  4C  69  6E  65  3A  20  30  30  35  32  20  7C  20  54  65  73  74  69  6E  67  20  6A  75  6D  70  20  74  6F 
172   20  70  61  67  65  20  66  75  6E  63  74  69  6F  6E  0D  0A  4C  69  6E  65  3A  20  30  30  35  33  20  7C  20  54  65  73 
173   74  69  6E  67  20  66  69  6C  65  20  73  61  76  65  20  74  6F  20  74  78  74  20  66  75  6E  63  74  69  6F  6E  0D  0A 
174   4C  69  6E  65  3A  20  30  30  35  34  20  7C  20  54  65  73  74  69  6E  67  20  47  55  49  20  62  75  74  74  6F  6E  20 
175   73  74  61  74  75  73  3A  20  65  6E  61  62  6C  65  20  2F  20  64  69  73  61  62  6C  65  0D  0A  4C  69  6E  65  3A  20 
176   30  30  35  35  20  7C  20  54  65  73  74  69  6E  67  20  65  6D  70  74  79  20  66  69  6C  65  2C  20  6E  6F  72  6D  61 
177   6C  20  66  69  6C  65  2C  20  6C  61  72  67  65  20  66  69  6C  65  0D  0A  4C  69  6E  65  3A  20  30  30  35  36  20  7C 
178   20  54  65  73  74  69  6E  67  20  65  78  63  65  70  74  69  6F  6E  3A  20  66  69  6C  65  20  6E  6F  74  20  66  6F  75 
179   6E  64  2C  20  69  6E  76  61  6C  69  64  20  70  61  67  65  20  6E  75  6D  62  65  72  0D  0A  4C  69  6E  65  3A  20  30 

--- 第 7 页 / 共 19 页 ---
行号     0  1  2  3  4  5  6  7  8  9 10 11 12 13 14 15 16 17 18 19 20 21 22 23 24 25 26 27 28 29 30 31
-----------------------------------------------------------------------------------------------------
180   30  35  37  20  7C  20  4A  61  76  61  20  42  79  74  65  53  63  6F  70  65  20  45  78  70  65  72  69  6D  65  6E  74  20 
181   2D  20  42  65  69  6A  69  6E  67  20  46  6F  72  65  73  74  72  79  20  55  6E  69  76  65  72  73  69  74  79  0D  0A  4C 
182   69  6E  65  3A  20  30  30  35  38  20  7C  20  43  6F  75  72  73  65  3A  20  4A  61  76  61  20  50  72  6F  67  72  61  6D 
183   6D  69  6E  67  20  4C  61  62  20  32  0D  0A  4C  69  6E  65  3A  20  30  30  35  39  20  7C  20  54  65  61  63  68  65  72 
184   3A  20  57  61  6E  67  20  4A  69  61  6E  78  69  6E  0D  0A  4C  69  6E  65  3A  20  30  30  36  30  20  7C  20  53  74  75 
185   64  65  6E  74  3A  20  5B  59  6F  75  72  20  4E  61  6D  65  5D  20  5B  59  6F  75  72  20  53  74  75  64  65  6E  74  20 
186   49  44  5D  0D  0A  0D  0A  41  20  61  20  42  20  62  20  43  20  63  20  44  20  64  20  45  20  65  20  46  20  66  20  47 
187   20  67  20  48  20  68  20  49  20  69  20  4A  20  6A  20  4B  20  6B  20  4C  20  6C  20  4D  20  6D  0D  0A  4E  20  6E  20 
188   4F  20  6F  20  50  20  70  20  51  20  71  20  52  20  72  20  53  20  73  20  54  20  74  20  55  20  75  20  56  20  76  20 
189   57  20  77  20  58  20  78  20  59  20  79  20  5A  20  7A  0D  0A  30  20  31  20  32  20  33  20  34  20  35  20  36  20  37 
190   20  38  20  39  0D  0A  21  20  22  20  23  20  24  20  25  20  26  20  27  20  28  20  29  20  2A  20  2B  20  2C  20  2D  20 
191   2E  20  2F  20  3A  20  3B  20  3C  20  3D  20  3E  20  3F  20  40  20  5B  20  5C  20  5D  20  5E  20  5F  20  60  20  7B  20 
192   7C  20  7D  20  7E  0D  0A  4C  69  6E  65  3A  20  30  30  36  31  20  7C  20  42  79  74  65  3A  20  30  30  20  30  31  20 
193   30  32  20  30  33  20  30  34  20  30  35  20  30  36  20  30  37  20  30  38  20  30  39  20  30  41  20  30  42  20  30  43 
194   20  30  44  20  30  45  20  30  46  0D  0A  4C  69  6E  65  3A  20  30  30  36  32  20  7C  20  42  79  74  65  3A  20  31  30 
195   20  31  31  20  31  32  20  31  33  20  31  34  20  31  35  20  31  36  20  31  37  20  31  38  20  31  39  20  31  41  20  31 
196   42  20  31  43  20  31  44  20  31  45  20  31  46  0D  0A  4C  69  6E  65  3A  20  30  30  36  33  20  7C  20  42  79  74  65 
197   3A  20  32  30  20  32  31  20  32  32  20  32  33  20  32  34  20  32  35  20  32  36  20  32  37  20  32  38  20  32  39  20 
198   32  41  20  32  42  20  32  43  20  32  44  20  32  45  20  32  46  0D  0A  4C  69  6E  65  3A  20  30  30  36  34  20  7C  20 
199   42  79  74  65  3A  20  33  30  20  33  31  20  33  32  20  33  33  20  33  34  20  33  35  20  33  36  20  33  37  20  33  38 
200   20  33  39  20  33  41  20  33  42  20  33  43  20  33  44  20  33  45  20  33  46  0D  0A  4C  69  6E  65  3A  20  30  30  36 
201   35  20  7C  20  42  79  74  65  3A  20  34  30  20  34  31  20  34  32  20  34  33  20  34  34  20  34  35  20  34  36  20  34 
202   37  20  34  38  20  34  39  20  34  41  20  34  42  20  34  43  20  34  44  20  34  45  20  34  46  0D  0A  4C  69  6E  65  3A 
203   20  30  30  36  36  20  7C  20  42  79  74  65  3A  20  35  30  20  35  31  20  35  32  20  35  33  20  35  34  20  35  35  20 
204   35  36  20  35  37  20  35  38  20  35  39  20  35  41  20  35  42  20  35  43  20  35  44  20  35  45  20  35  46  0D  0A  4C 
205   69  6E  65  3A  20  30  30  36  37  20  7C  20  42  79  74  65  3A  20  36  30  20  36  31  20  36  32  20  36  33  20  36  34 
206   20  36  35  20  36  36  20  36  37  20  36  38  20  36  39  20  36  41  20  36  42  20  36  43  20  36  44  20  36  45  20  36 
207   46  0D  0A  4C  69  6E  65  3A  20  30  30  36  38  20  7C  20  42  79  74  65  3A  20  37  30  20  37  31  20  37  32  20  37 
208   33  20  37  34  20  37  35  20  37  36  20  37  37  20  37  38  20  37  39  20  37  41  20  37  42  20  37  43  20  37  44  20 
209   37  45  20  37  46  0D  0A  4C  69  6E  65  3A  20  30  30  36  39  20  7C  20  44  61  74  61  20  66  6F  72  20  74  65  73 

--- 第 8 页 / 共 19 页 ---
行号     0  1  2  3  4  5  6  7  8  9 10 11 12 13 14 15 16 17 18 19 20 21 22 23 24 25 26 27 28 29 30 31
-----------------------------------------------------------------------------------------------------
210   74  69  6E  67  20  68  65  78  61  64  65  63  69  6D  61  6C  20  64  69  73  70  6C  61  79  20  66  6F  72  6D  61  74  0D 
211   0A  4C  69  6E  65  3A  20  30  30  37  30  20  7C  20  45  61  63  68  20  62  79  74  65  20  74  77  6F  20  68  65  78  20 
212   63  68  61  72  61  63  74  65  72  73  2C  20  61  6C  69  67  6E  65  64  20  64  69  73  70  6C  61  79  0D  0A  4C  69  6E 
213   65  3A  20  30  30  37  31  20  7C  20  54  65  73  74  69  6E  67  20  70  61  67  65  20  74  75  72  6E  69  6E  67  3A  20 
214   70  72  65  76  20  70  61  67  65  20  6E  65  78  74  20  70  61  67  65  20  66  69  72  73  74  20  6C  61  73  74  0D  0A 
215   4C  69  6E  65  3A  20  30  30  37  32  20  7C  20  54  65  73  74  69  6E  67  20  6A  75  6D  70  20  74  6F  20  70  61  67 
216   65  20  66  75  6E  63  74  69  6F  6E  0D  0A  4C  69  6E  65  3A  20  30  30  37  33  20  7C  20  54  65  73  74  69  6E  67 
217   20  66  69  6C  65  20  73  61  76  65  20  74  6F  20  74  78  74  20  66  75  6E  63  74  69  6F  6E  0D  0A  4C  69  6E  65 
218   3A  20  30  30  37  34  20  7C  20  54  65  73  74  69  6E  67  20  47  55  49  20  62  75  74  74  6F  6E  20  73  74  61  74 
219   75  73  3A  20  65  6E  61  62  6C  65  20  2F  20  64  69  73  61  62  6C  65  0D  0A  4C  69  6E  65  3A  20  30  30  37  35 
220   20  7C  20  54  65  73  74  69  6E  67  20  65  6D  70  74  79  20  66  69  6C  65  2C  20  6E  6F  72  6D  61  6C  20  66  69 
221   6C  65  2C  20  6C  61  72  67  65  20  66  69  6C  65  0D  0A  4C  69  6E  65  3A  20  30  30  37  36  20  7C  20  54  65  73 
222   74  69  6E  67  20  65  78  63  65  70  74  69  6F  6E  3A  20  66  69  6C  65  20  6E  6F  74  20  66  6F  75  6E  64  2C  20 
223   69  6E  76  61  6C  69  64  20  70  61  67  65  20  6E  75  6D  62  65  72  0D  0A  4C  69  6E  65  3A  20  30  30  37  37  20 
224   7C  20  4A  61  76  61  20  42  79  74  65  53  63  6F  70  65  20  45  78  70  65  72  69  6D  65  6E  74  20  2D  20  42  65 
225   69  6A  69  6E  67  20  46  6F  72  65  73  74  72  79  20  55  6E  69  76  65  72  73  69  74  79  0D  0A  4C  69  6E  65  3A 
226   20  30  30  37  38  20  7C  20  43  6F  75  72  73  65  3A  20  4A  61  76  61  20  50  72  6F  67  72  61  6D  6D  69  6E  67 
227   20  4C  61  62  20  32  0D  0A  4C  69  6E  65  3A  20  30  30  37  39  20  7C  20  54  65  61  63  68  65  72  3A  20  57  61 
228   6E  67  20  4A  69  61  6E  78  69  6E  0D  0A  4C  69  6E  65  3A  20  30  30  38  30  20  7C  20  53  74  75  64  65  6E  74 
229   3A  20  5B  59  6F  75  72  20  4E  61  6D  65  5D  20  5B  59  6F  75  72  20  53  74  75  64  65  6E  74  20  49  44  5D  0D 
230   0A  0D  0A  42  79  74  65  53  63  6F  70  65  20  54  65  73  74  20  46  69  6C  65  20  2D  20  32  30  4B  42  20  4F  66 
231   66  69  63  69  61  6C  20  53  61  6D  70  6C  65  0D  0A  54  68  69  73  20  66  69  6C  65  20  69  73  20  73  70  65  63 
232   69  61  6C  6C  79  20  6D  61  64  65  20  66  6F  72  20  4A  61  76  61  20  50  72  6F  67  72  61  6D  6D  69  6E  67  20 
233   4C  61  62  20  32  3A  20  42  79  74  65  53  63  6F  70  65  2E  0D  0A  49  74  20  63  6F  6E  74  61  69  6E  73  20  6C 
234   65  74  74  65  72  73  2C  20  6E  75  6D  62  65  72  73  2C  20  73  79  6D  62  6F  6C  73  2C  20  6C  69  6E  65  20  62 
235   72  65  61  6B  73  2C  20  73  70  61  63  65  73  2C  20  74  61  62  73  2C  20  61  6E  64  20  72  65  70  65  61  74  65 
236   64  20  62  6C  6F  63  6B  73  20  74  6F  20  65  6E  73  75  72  65  20  74  68  65  20  66  69  6C  65  20  73  69  7A  65 
237   20  69  73  20  61  72  6F  75  6E  64  20  32  30  4B  42  2E  0D  0A  59  6F  75  20  63  61  6E  20  75  73  65  20  74  68 
238   69  73  20  66  69  6C  65  20  74  6F  20  74  65  73  74  3A  20  66  69  6C  65  20  72  65  61  64  69  6E  67  2C  20  68 
239   65  78  61  64  65  63  69  6D  61  6C  20  64  69  73  70  6C  61  79  2C  20  70  61  67  69  6E  67  2C  20  70  61  67  65 

--- 第 9 页 / 共 19 页 ---
行号     0  1  2  3  4  5  6  7  8  9 10 11 12 13 14 15 16 17 18 19 20 21 22 23 24 25 26 27 28 29 30 31
-----------------------------------------------------------------------------------------------------
240   20  75  70  2F  64  6F  77  6E  2C  20  66  69  72  73  74  20  70  61  67  65  2C  20  6C  61  73  74  20  70  61  67  65  2C 
241   20  6A  75  6D  70  20  74  6F  20  70  61  67  65  2C  20  73  61  76  65  20  72  65  73  75  6C  74  20  74  6F  20  74  78 
242   74  2C  20  47  55  49  20  62  75  74  74  6F  6E  20  73  74  61  74  75  73  2C  20  65  78  63  65  70  74  69  6F  6E  20 
243   68  61  6E  64  6C  69  6E  67  2E  0D  0A  0D  0A  3D  3D  3D  3D  3D  3D  3D  3D  3D  3D  3D  3D  3D  3D  3D  3D  3D  3D  3D 
244   3D  3D  3D  3D  3D  3D  3D  3D  3D  3D  3D  3D  3D  3D  3D  3D  3D  3D  3D  3D  3D  3D  3D  3D  3D  3D  3D  3D  3D  3D  3D  3D 
245   3D  3D  3D  3D  3D  3D  3D  3D  3D  3D  3D  3D  3D  3D  3D  3D  3D  3D  3D  3D  3D  3D  3D  3D  3D  3D  3D  3D  3D  0D  0A  42 
246   41  53  45  20  44  41  54  41  20  42  4C  4F  43  4B  0D  0A  3D  3D  3D  3D  3D  3D  3D  3D  3D  3D  3D  3D  3D  3D  3D  3D 
247   3D  3D  3D  3D  3D  3D  3D  3D  3D  3D  3D  3D  3D  3D  3D  3D  3D  3D  3D  3D  3D  3D  3D  3D  3D  3D  3D  3D  3D  3D  3D  3D 
248   3D  3D  3D  3D  3D  3D  3D  3D  3D  3D  3D  3D  3D  3D  3D  3D  3D  3D  3D  3D  3D  3D  3D  3D  3D  3D  3D  3D  3D  3D  3D  3D 
249   0D  0A  30  31  32  33  34  35  36  37  38  39  20  41  42  43  44  45  46  47  48  49  4A  4B  4C  4D  4E  4F  50  51  52  53 
250   54  55  56  57  58  59  5A  20  61  62  63  64  65  66  67  68  69  6A  6B  6C  6D  6E  6F  70  71  72  73  74  75  76  77  78 
251   79  7A  0D  0A  21  40  23  24  25  5E  26  2A  28  29  5F  2B  2D  3D  5B  5D  7B  7D  3B  27  3A  5C  22  2C  2E  2F  3C  3E 
252   3F  60  7E  0D  0A  4C  69  6E  65  20  30  30  30  31  20  7C  20  42  79  74  65  53  63  6F  70  65  20  54  65  73  74  20 
253   7C  20  48  65  78  3A  20  30  30  20  30  31  20  30  32  20  30  33  20  30  34  20  30  35  20  30  36  20  30  37  20  30 
254   38  20  30  39  20  30  41  20  30  42  20  30  43  20  30  44  20  30  45  20  30  46  0D  0A  4C  69  6E  65  20  30  30  30 
255   32  20  7C  20  42  79  74  65  53  63  6F  70  65  20  54  65  73  74  20  7C  20  48  65  78  3A  20  31  30  20  31  31  20 
256   31  32  20  31  33  20  31  34  20  31  35  20  31  36  20  31  37  20  31  38  20  31  39  20  31  41  20  31  42  20  31  43 
257   20  31  44  20  31  45  20  31  46  0D  0A  4C  69  6E  65  20  30  30  30  33  20  7C  20  42  79  74  65  53  63  6F  70  65 
258   20  54  65  73  74  20  7C  20  48  65  78  3A  20  32  30  20  32  31  20  32  32  20  32  33  20  32  34  20  32  35  20  32 
259   36  20  32  37  20  32  38  20  32  39  20  32  41  20  32  42  20  32  43  20  32  44  20  32  45  20  32  46  0D  0A  4C  69 
260   6E  65  20  30  30  30  34  20  7C  20  42  79  74  65  53  63  6F  70  65  20  54  65  73  74  20  7C  20  48  65  78  3A  20 
261   33  30  20  33  31  20  33  32  20  33  33  20  33  34  20  33  35  20  33  36  20  33  37  20  33  38  20  33  39  20  33  41 
262   20  33  42  20  33  43  20  33  44  20  33  45  20  33  46  0D  0A  4C  69  6E  65  20  30  30  30  35  20  7C  20  42  79  74 
263   65  53  63  6F  70  65  20  54  65  73  74  20  7C  20  48  65  78  3A  20  34  30  20  34  31  20  34  32  20  34  33  20  34 
264   34  20  34  35  20  34  36  20  34  37  20  34  38  20  34  39  20  34  41  20  34  42  20  34  43  20  34  44  20  34  45  20 
265   34  46  0D  0A  4C  69  6E  65  20  30  30  30  36  20  7C  20  42  79  74  65  53  63  6F  70  65  20  54  65  73  74  20  7C 
266   20  48  65  78  3A  20  35  30  20  35  31  20  35  32  20  35  33  20  35  34  20  35  35  20  35  36  20  35  37  20  35  38 
267   20  35  39  20  35  41  20  35  42  20  35  43  20  35  44  20  35  45  20  35  46  0D  0A  4C  69  6E  65  20  30  30  30  37 
268   20  7C  20  42  79  74  65  53  63  6F  70  65  20  54  65  73  74  20  7C  20  48  65  78  3A  20  36  30  20  36  31  20  36 
269   32  20  36  33  20  36  34  20  36  35  20  36  36  20  36  37  20  36  38  20  36  39  20  36  41  20  36  42  20  36  43  20 

--- 第 10 页 / 共 19 页 ---
行号     0  1  2  3  4  5  6  7  8  9 10 11 12 13 14 15 16 17 18 19 20 21 22 23 24 25 26 27 28 29 30 31
-----------------------------------------------------------------------------------------------------
270   36  44  20  36  45  20  36  46  0D  0A  4C  69  6E  65  20  30  30  30  38  20  7C  20  42  79  74  65  53  63  6F  70  65  20 
271   54  65  73  74  20  7C  20  48  65  78  3A  20  37  30  20  37  31  20  37  32  20  37  33  20  37  34  20  37  35  20  37  36 
272   20  37  37  20  37  38  20  37  39  20  37  41  20  37  42  20  37  43  20  37  44  20  37  45  20  37  46  0D  0A  0D  0A  41 
273   20  61  20  42  20  62  20  43  20  63  20  44  20  64  20  45  20  65  20  46  20  66  20  47  20  67  20  48  20  68  20  49 
274   20  69  20  4A  20  6A  20  4B  20  6B  20  4C  20  6C  20  4D  20  6D  20  4E  20  6E  20  4F  20  6F  20  50  20  70  20  51 
275   20  71  20  52  20  72  20  53  20  73  20  54  20  74  20  55  20  75  20  56  20  76  20  57  20  77  20  58  20  78  20  59 
276   20  79  20  5A  20  7A  0D  0A  30  20  31  20  32  20  33  20  34  20  35  20  36  20  37  20  38  20  39  0D  0A  21  20  22 
277   20  23  20  24  20  25  20  26  20  27  20  28  20  29  20  2A  20  2B  20  2C  20  2D  20  2E  20  2F  20  3A  20  3B  20  3C 
278   20  3D  20  3E  20  3F  20  40  20  5B  20  5C  20  5D  20  5E  20  5F  20  60  20  7B  20  7C  20  7D  20  7E  0D  0A  0D  0A 
279   3D  3D  3D  3D  3D  3D  3D  3D  3D  3D  3D  3D  3D  3D  3D  3D  3D  3D  3D  3D  3D  3D  3D  3D  3D  3D  3D  3D  3D  3D  3D  3D 
280   3D  3D  3D  3D  3D  3D  3D  3D  3D  3D  3D  3D  3D  3D  3D  3D  3D  3D  3D  3D  3D  3D  3D  3D  3D  3D  3D  3D  3D  3D  3D  3D 
281   3D  3D  3D  3D  3D  3D  3D  3D  3D  3D  3D  3D  3D  3D  3D  3D  0D  0A  52  45  50  45  41  54  20  42  4C  4F  43  4B  20  53 
282   54  41  52  54  20  28  54  4F  20  4D  41  4B  45  20  32  30  4B  42  29  0D  0A  3D  3D  3D  3D  3D  3D  3D  3D  3D  3D  3D 
283   3D  3D  3D  3D  3D  3D  3D  3D  3D  3D  3D  3D  3D  3D  3D  3D  3D  3D  3D  3D  3D  3D  3D  3D  3D  3D  3D  3D  3D  3D  3D  3D 
284   3D  3D  3D  3D  3D  3D  3D  3D  3D  3D  3D  3D  3D  3D  3D  3D  3D  3D  3D  3D  3D  3D  3D  3D  3D  3D  3D  3D  3D  3D  3D  3D 
285   3D  3D  3D  3D  3D  0D  0A  0D  0A  4C  69  6E  65  20  30  30  31  30  20  7C  20  4A  61  76  61  20  49  4F  20  53  74  72 
286   65  61  6D  20  54  65  73  74  20  7C  20  46  69  6C  65  49  6E  70  75  74  53  74  72  65  61  6D  20  7C  20  52  65  61 
287   64  20  62  79  74  65  20  62  79  20  62  79  74  65  0D  0A  4C  69  6E  65  20  30  30  31  31  20  7C  20  53  77  69  6E 
288   67  20  47  55  49  20  54  65  73  74  20  7C  20  4A  46  72  61  6D  65  20  7C  20  4A  42  75  74  74  6F  6E  20  7C  20 
289   4A  54  65  78  74  41  72  65  61  20  7C  20  4A  46  69  6C  65  43  68  6F  6F  73  65  72  0D  0A  4C  69  6E  65  20  30 
290   30  31  32  20  7C  20  45  78  63  65  70  74  69  6F  6E  20  48  61  6E  64  6C  69  6E  67  20  7C  20  46  69  6C  65  4E 
291   6F  74  46  6F  75  6E  64  45  78  63  65  70  74  69  6F  6E  20  7C  20  49  4F  45  78  63  65  70  74  69  6F  6E  20  7C 
292   20  4E  75  6D  62  65  72  46  6F  72  6D  61  74  45  78  63  65  70  74  69  6F  6E  0D  0A  4C  69  6E  65  20  30  30  31 
293   33  20  7C  20  50  61  67  69  6E  67  20  54  65  73  74  20  7C  20  54  6F  74  61  6C  20  62  79  74  65  73  20  7C  20 
294   54  6F  74  61  6C  20  70  61  67  65  73  20  7C  20  43  75  72  72  65  6E  74  20  70  61  67  65  20  7C  20  4F  66  66 
295   73  65  74  0D  0A  4C  69  6E  65  20  30  30  31  34  20  7C  20  42  75  74  74  6F  6E  20  43  6F  6E  74  72  6F  6C  20 
296   7C  20  46  69  72  73  74  20  7C  20  50  72  65  76  20  7C  20  4E  65  78  74  20  7C  20  4C  61  73  74  20  7C  20  4A 
297   75  6D  70  20  7C  20  45  6E  61  62  6C  65  20  7C  20  44  69  73  61  62  6C  65  0D  0A  4C  69  6E  65  20  30  30  31 
298   35  20  7C  20  53  61  76  65  20  54  65  73  74  20  7C  20  43  68  6F  6F  73  65  20  64  69  72  65  63  74  6F  72  79 
299   20  7C  20  49  6E  70  75  74  20  66  69  6C  65  6E  61  6D  65  20  7C  20  53  61  76  65  20  61  73  20  74  78  74  20 

--- 第 11 页 / 共 19 页 ---
行号     0  1  2  3  4  5  6  7  8  9 10 11 12 13 14 15 16 17 18 19 20 21 22 23 24 25 26 27 28 29 30 31
-----------------------------------------------------------------------------------------------------
300   7C  20  43  68  65  63  6B  20  63  6F  6E  74  65  6E  74  0D  0A  4C  69  6E  65  20  30  30  31  36  20  7C  20  52  6F  62 
301   75  73  74  6E  65  73  73  20  7C  20  46  69  6C  65  20  6E  6F  74  20  65  78  69  73  74  20  7C  20  45  6D  70  74  79 
302   20  66  69  6C  65  20  7C  20  49  6E  76  61  6C  69  64  20  70  61  67  65  20  7C  20  4E  65  67  61  74  69  76  65  20 
303   70  61  67  65  0D  0A  4C  69  6E  65  20  30  30  31  37  20  7C  20  43  6F  75  72  73  65  3A  20  4A  61  76  61  20  50 
304   72  6F  67  72  61  6D  6D  69  6E  67  20  4C  61  62  20  32  20  7C  20  42  79  74  65  53  63  6F  70  65  20  7C  20  42 
305   65  69  6A  69  6E  67  20  46  6F  72  65  73  74  72  79  20  55  6E  69  76  65  72  73  69  74  79  0D  0A  4C  69  6E  65 
306   20  30  30  31  38  20  7C  20  54  65  61  63  68  65  72  3A  20  57  61  6E  67  20  4A  69  61  6E  78  69  6E  20  7C  20 
307   53  74  75  64  65  6E  74  3A  20  5B  59  6F  75  72  20  49  44  5D  20  5B  59  6F  75  72  20  4E  61  6D  65  5D  0D  0A 
308   4C  69  6E  65  20  30  30  31  39  20  7C  20  45  61  63  68  20  62  79  74  65  20  69  73  20  64  69  73  70  6C  61  79 
309   65  64  20  61  73  20  74  77  6F  20  68  65  78  20  64  69  67  69  74  73  20  7C  20  41  6C  69  67  6E  65  64  20  66 
310   6F  72  6D  61  74  20  7C  20  41  64  64  72  65  73  73  20  68  65  61  64  65  72  0D  0A  4C  69  6E  65  20  30  30  32 
311   30  20  7C  20  46  69  6C  65  20  73  69  7A  65  3A  20  41  62  6F  75  74  20  32  30  4B  42  20  7C  20  53  75  69  74 
312   61  62  6C  65  20  66  6F  72  20  61  6C  6C  20  74  65  73  74  20  63  61  73  65  73  0D  0A  0D  0A  41  20  61  20  42 
313   20  62  20  43  20  63  20  44  20  64  20  45  20  65  20  46  20  66  20  47  20  67  20  48  20  68  20  49  20  69  20  4A 
314   20  6A  20  4B  20  6B  20  4C  20  6C  20  4D  20  6D  20  4E  20  6E  20  4F  20  6F  20  50  20  70  20  51  20  71  20  52 
315   20  72  20  53  20  73  20  54  20  74  20  55  20  75  20  56  20  76  20  57  20  77  20  58  20  78  20  59  20  79  20  5A 
316   20  7A  0D  0A  30  20  31  20  32  20  33  20  34  20  35  20  36  20  37  20  38  20  39  0D  0A  21  20  22  20  23  20  24 
317   20  25  20  26  20  27  20  28  20  29  20  2A  20  2B  20  2C  20  2D  20  2E  20  2F  20  3A  20  3B  20  3C  20  3D  20  3E 
318   20  3F  20  40  20  5B  20  5C  20  5D  20  5E  20  5F  20  60  20  7B  20  7C  20  7D  20  7E  0D  0A  4C  69  6E  65  20  30 
319   30  32  31  20  7C  20  48  65  78  3A  20  30  30  20  30  31  20  30  32  20  30  33  20  30  34  20  30  35  20  30  36  20 
320   30  37  20  30  38  20  30  39  20  30  41  20  30  42  20  30  43  20  30  44  20  30  45  20  30  46  0D  0A  4C  69  6E  65 
321   20  30  30  32  32  20  7C  20  48  65  78  3A  20  31  30  20  31  31  20  31  32  20  31  33  20  31  34  20  31  35  20  31 
322   36  20  31  37  20  31  38  20  31  39  20  31  41  20  31  42  20  31  43  20  31  44  20  31  45  20  31  46  0D  0A  4C  69 
323   6E  65  20  30  30  32  33  20  7C  20  48  65  78  3A  20  32  30  20  32  31  20  32  32  20  32  33  20  32  34  20  32  35 
324   20  32  36  20  32  37  20  32  38  20  32  39  20  32  41  20  32  42  20  32  43  20  32  44  20  32  45  20  32  46  0D  0A 
325   4C  69  6E  65  20  30  30  32  34  20  7C  20  48  65  78  3A  20  33  30  20  33  31  20  33  32  20  33  33  20  33  34  20 
326   33  35  20  33  36  20  33  37  20  33  38  20  33  39  20  33  41  20  33  42  20  33  43  20  33  44  20  33  45  20  33  46 
327   0D  0A  4C  69  6E  65  20  30  30  32  35  20  7C  20  48  65  78  3A  20  34  30  20  34  31  20  34  32  20  34  33  20  34 
328   34  20  34  35  20  34  36  20  34  37  20  34  38  20  34  39  20  34  41  20  34  42  20  34  43  20  34  44  20  34  45  20 
329   34  46  0D  0A  4C  69  6E  65  20  30  30  32  36  20  7C  20  48  65  78  3A  20  35  30  20  35  31  20  35  32  20  35  33 

--- 第 12 页 / 共 19 页 ---
行号     0  1  2  3  4  5  6  7  8  9 10 11 12 13 14 15 16 17 18 19 20 21 22 23 24 25 26 27 28 29 30 31
-----------------------------------------------------------------------------------------------------
330   20  35  34  20  35  35  20  35  36  20  35  37  20  35  38  20  35  39  20  35  41  20  35  42  20  35  43  20  35  44  20  35 
331   45  20  35  46  0D  0A  4C  69  6E  65  20  30  30  32  37  20  7C  20  48  65  78  3A  20  36  30  20  36  31  20  36  32  20 
332   36  33  20  36  34  20  36  35  20  36  36  20  36  37  20  36  38  20  36  39  20  36  41  20  36  42  20  36  43  20  36  44 
333   20  36  45  20  36  46  0D  0A  4C  69  6E  65  20  30  30  32  38  20  7C  20  48  65  78  3A  20  37  30  20  37  31  20  37 
334   32  20  37  33  20  37  34  20  37  35  20  37  36  20  37  37  20  37  38  20  37  39  20  37  41  20  37  42  20  37  43  20 
335   37  44  20  37  45  20  37  46  0D  0A  0D  0A  4C  69  6E  65  20  30  30  33  30  20  7C  20  4A  61  76  61  20  49  4F  20 
336   53  74  72  65  61  6D  20  54  65  73  74  20  7C  20  46  69  6C  65  49  6E  70  75  74  53  74  72  65  61  6D  20  7C  20 
337   52  65  61  64  20  62  79  74  65  20  62  79  20  62  79  74  65  0D  0A  4C  69  6E  65  20  30  30  33  31  20  7C  20  53 
338   77  69  6E  67  20  47  55  49  20  54  65  73  74  20  7C  20  4A  46  72  61  6D  65  20  7C  20  4A  42  75  74  74  6F  6E 
339   20  7C  20  4A  54  65  78  74  41  72  65  61  20  7C  20  4A  46  69  6C  65  43  68  6F  6F  73  65  72  0D  0A  4C  69  6E 
340   65  20  30  30  33  32  20  7C  20  45  78  63  65  70  74  69  6F  6E  20  48  61  6E  64  6C  69  6E  67  20  7C  20  46  69 
341   6C  65  4E  6F  74  46  6F  75  6E  64  45  78  63  65  70  74  69  6F  6E  20  7C  20  49  4F  45  78  63  65  70  74  69  6F 
342   6E  20  7C  20  4E  75  6D  62  65  72  46  6F  72  6D  61  74  45  78  63  65  70  74  69  6F  6E  0D  0A  4C  69  6E  65  20 
343   30  30  33  33  20  7C  20  50  61  67  69  6E  67  20  54  65  73  74  20  7C  20  54  6F  74  61  6C  20  62  79  74  65  73 
344   20  7C  20  54  6F  74  61  6C  20  70  61  67  65  73  20  7C  20  43  75  72  72  65  6E  74  20  70  61  67  65  20  7C  20 
345   4F  66  66  73  65  74  0D  0A  4C  69  6E  65  20  30  30  33  34  20  7C  20  42  75  74  74  6F  6E  20  43  6F  6E  74  72 
346   6F  6C  20  7C  20  46  69  72  73  74  20  7C  20  50  72  65  76  20  7C  20  4E  65  78  74  20  7C  20  4C  61  73  74  20 
347   7C  20  4A  75  6D  70  20  7C  20  45  6E  61  62  6C  65  20  7C  20  44  69  73  61  62  6C  65  0D  0A  4C  69  6E  65  20 
348   30  30  33  35  20  7C  20  53  61  76  65  20  54  65  73  74  20  7C  20  43  68  6F  6F  73  65  20  64  69  72  65  63  74 
349   6F  72  79  20  7C  20  49  6E  70  75  74  20  66  69  6C  65  6E  61  6D  65  20  7C  20  53  61  76  65  20  61  73  20  74 
350   78  74  20  7C  20  43  68  65  63  6B  20  63  6F  6E  74  65  6E  74  0D  0A  4C  69  6E  65  20  30  30  33  36  20  7C  20 
351   52  6F  62  75  73  74  6E  65  73  73  20  7C  20  46  69  6C  65  20  6E  6F  74  20  65  78  69  73  74  20  7C  20  45  6D 
352   70  74  79  20  66  69  6C  65  20  7C  20  49  6E  76  61  6C  69  64  20  70  61  67  65  20  7C  20  4E  65  67  61  74  69 
353   76  65  20  70  61  67  65  0D  0A  4C  69  6E  65  20  30  30  33  37  20  7C  20  43  6F  75  72  73  65  3A  20  4A  61  76 
354   61  20  50  72  6F  67  72  61  6D  6D  69  6E  67  20  4C  61  62  20  32  20  7C  20  42  79  74  65  53  63  6F  70  65  20 
355   7C  20  42  65  69  6A  69  6E  67  20  46  6F  72  65  73  74  72  79  20  55  6E  69  76  65  72  73  69  74  79  0D  0A  4C 
356   69  6E  65  20  30  30  33  38  20  7C  20  54  65  61  63  68  65  72  3A  20  57  61  6E  67  20  4A  69  61  6E  78  69  6E 
357   20  7C  20  53  74  75  64  65  6E  74  3A  20  5B  59  6F  75  72  20  49  44  5D  20  5B  59  6F  75  72  20  4E  61  6D  65 
358   5D  0D  0A  4C  69  6E  65  20  30  30  33  39  20  7C  20  45  61  63  68  20  62  79  74  65  20  69  73  20  64  69  73  70 
359   6C  61  79  65  64  20  61  73  20  74  77  6F  20  68  65  78  20  64  69  67  69  74  73  20  7C  20  41  6C  69  67  6E  65 

--- 第 13 页 / 共 19 页 ---
行号     0  1  2  3  4  5  6  7  8  9 10 11 12 13 14 15 16 17 18 19 20 21 22 23 24 25 26 27 28 29 30 31
-----------------------------------------------------------------------------------------------------
360   64  20  66  6F  72  6D  61  74  20  7C  20  41  64  64  72  65  73  73  20  68  65  61  64  65  72  0D  0A  4C  69  6E  65  20 
361   30  30  34  30  20  7C  20  46  69  6C  65  20  73  69  7A  65  3A  20  41  62  6F  75  74  20  32  30  4B  42  20  7C  20  53 
362   75  69  74  61  62  6C  65  20  66  6F  72  20  61  6C  6C  20  74  65  73  74  20  63  61  73  65  73  0D  0A  0D  0A  41  20 
363   61  20  42  20  62  20  43  20  63  20  44  20  64  20  45  20  65  20  46  20  66  20  47  20  67  20  48  20  68  20  49  20 
364   69  20  4A  20  6A  20  4B  20  6B  20  4C  20  6C  20  4D  20  6D  20  4E  20  6E  20  4F  20  6F  20  50  20  70  20  51  20 
365   71  20  52  20  72  20  53  20  73  20  54  20  74  20  55  20  75  20  56  20  76  20  57  20  77  20  58  20  78  20  59  20 
366   79  20  5A  20  7A  0D  0A  30  20  31  20  32  20  33  20  34  20  35  20  36  20  37  20  38  20  39  0D  0A  21  20  22  20 
367   23  20  24  20  25  20  26  20  27  20  28  20  29  20  2A  20  2B  20  2C  20  2D  20  2E  20  2F  20  3A  20  3B  20  3C  20 
368   3D  20  3E  20  3F  20  40  20  5B  20  5C  20  5D  20  5E  20  5F  20  60  20  7B  20  7C  20  7D  20  7E  0D  0A  4C  69  6E 
369   65  20  30  30  34  31  20  7C  20  48  65  78  3A  20  30  30  20  30  31  20  30  32  20  30  33  20  30  34  20  30  35  20 
370   30  36  20  30  37  20  30  38  20  30  39  20  30  41  20  30  42  20  30  43  20  30  44  20  30  45  20  30  46  0D  0A  4C 
371   69  6E  65  20  30  30  34  32  20  7C  20  48  65  78  3A  20  31  30  20  31  31  20  31  32  20  31  33  20  31  34  20  31 
372   35  20  31  36  20  31  37  20  31  38  20  31  39  20  31  41  20  31  42  20  31  43  20  31  44  20  31  45  20  31  46  0D 
373   0A  4C  69  6E  65  20  30  30  34  33  20  7C  20  48  65  78  3A  20  32  30  20  32  31  20  32  32  20  32  33  20  32  34 
374   20  32  35  20  32  36  20  32  37  20  32  38  20  32  39  20  32  41  20  32  42  20  32  43  20  32  44  20  32  45  20  32 
375   46  0D  0A  4C  69  6E  65  20  30  30  34  34  20  7C  20  48  65  78  3A  20  33  30  20  33  31  20  33  32  20  33  33  20 
376   33  34  20  33  35  20  33  36  20  33  37  20  33  38  20  33  39  20  33  41  20  33  42  20  33  43  20  33  44  20  33  45 
377   20  33  46  0D  0A  4C  69  6E  65  20  30  30  34  35  20  7C  20  48  65  78  3A  20  34  30  20  34  31  20  34  32  20  34 
378   33  20  34  34  20  34  35  20  34  36  20  34  37  20  34  38  20  34  39  20  34  41  20  34  42  20  34  43  20  34  44  20 
379   34  45  20  34  46  0D  0A  4C  69  6E  65  20  30  30  34  36  20  7C  20  48  65  78  3A  20  35  30  20  35  31  20  35  32 
380   20  35  33  20  35  34  20  35  35  20  35  36  20  35  37  20  35  38  20  35  39  20  35  41  20  35  42  20  35  43  20  35 
381   44  20  35  45  20  35  46  0D  0A  4C  69  6E  65  20  30  30  34  37  20  7C  20  48  65  78  3A  20  36  30  20  36  31  20 
382   36  32  20  36  33  20  36  34  20  36  35  20  36  36  20  36  37  20  36  38  20  36  39  20  36  41  20  36  42  20  36  43 
383   20  36  44  20  36  45  20  36  46  0D  0A  4C  69  6E  65  20  30  30  34  38  20  7C  20  48  65  78  3A  20  37  30  20  37 
384   31  20  37  32  20  37  33  20  37  34  20  37  35  20  37  36  20  37  37  20  37  38  20  37  39  20  37  41  20  37  42  20 
385   37  43  20  37  44  20  37  45  20  37  46  0D  0A  0D  0A  4C  69  6E  65  20  30  30  35  30  20  7C  20  4A  61  76  61  20 
386   49  4F  20  53  74  72  65  61  6D  20  54  65  73  74  20  7C  20  46  69  6C  65  49  6E  70  75  74  53  74  72  65  61  6D 
387   20  7C  20  52  65  61  64  20  62  79  74  65  20  62  79  20  62  79  74  65  0D  0A  4C  69  6E  65  20  30  30  35  31  20 
388   7C  20  53  77  69  6E  67  20  47  55  49  20  54  65  73  74  20  7C  20  4A  46  72  61  6D  65  20  7C  20  4A  42  75  74 
389   74  6F  6E  20  7C  20  4A  54  65  78  74  41  72  65  61  20  7C  20  4A  46  69  6C  65  43  68  6F  6F  73  65  72  0D  0A 

--- 第 14 页 / 共 19 页 ---
行号     0  1  2  3  4  5  6  7  8  9 10 11 12 13 14 15 16 17 18 19 20 21 22 23 24 25 26 27 28 29 30 31
-----------------------------------------------------------------------------------------------------
390   4C  69  6E  65  20  30  30  35  32  20  7C  20  45  78  63  65  70  74  69  6F  6E  20  48  61  6E  64  6C  69  6E  67  20  7C 
391   20  46  69  6C  65  4E  6F  74  46  6F  75  6E  64  45  78  63  65  70  74  69  6F  6E  20  7C  20  49  4F  45  78  63  65  70 
392   74  69  6F  6E  20  7C  20  4E  75  6D  62  65  72  46  6F  72  6D  61  74  45  78  63  65  70  74  69  6F  6E  0D  0A  4C  69 
393   6E  65  20  30  30  35  33  20  7C  20  50  61  67  69  6E  67  20  54  65  73  74  20  7C  20  54  6F  74  61  6C  20  62  79 
394   74  65  73  20  7C  20  54  6F  74  61  6C  20  70  61  67  65  73  20  7C  20  43  75  72  72  65  6E  74  20  70  61  67  65 
395   20  7C  20  4F  66  66  73  65  74  0D  0A  4C  69  6E  65  20  30  30  35  34  20  7C  20  42  75  74  74  6F  6E  20  43  6F 
396   6E  74  72  6F  6C  20  7C  20  46  69  72  73  74  20  7C  20  50  72  65  76  20  7C  20  4E  65  78  74  20  7C  20  4C  61 
397   73  74  20  7C  20  4A  75  6D  70  20  7C  20  45  6E  61  62  6C  65  20  7C  20  44  69  73  61  62  6C  65  0D  0A  4C  69 
398   6E  65  20  30  30  35  35  20  7C  20  53  61  76  65  20  54  65  73  74  20  7C  20  43  68  6F  6F  73  65  20  64  69  72 
399   65  63  74  6F  72  79  20  7C  20  49  6E  70  75  74  20  66  69  6C  65  6E  61  6D  65  20  7C  20  53  61  76  65  20  61 
400   73  20  74  78  74  20  7C  20  43  68  65  63  6B  20  63  6F  6E  74  65  6E  74  0D  0A  4C  69  6E  65  20  30  30  35  36 
401   20  7C  20  52  6F  62  75  73  74  6E  65  73  73  20  7C  20  46  69  6C  65  20  6E  6F  74  20  65  78  69  73  74  20  7C 
402   20  45  6D  70  74  79  20  66  69  6C  65  20  7C  20  49  6E  76  61  6C  69  64  20  70  61  67  65  20  7C  20  4E  65  67 
403   61  74  69  76  65  20  70  61  67  65  0D  0A  4C  69  6E  65  20  30  30  35  37  20  7C  20  43  6F  75  72  73  65  3A  20 
404   4A  61  76  61  20  50  72  6F  67  72  61  6D  6D  69  6E  67  20  4C  61  62  20  32  20  7C  20  42  79  74  65  53  63  6F 
405   70  65  20  7C  20  42  65  69  6A  69  6E  67  20  46  6F  72  65  73  74  72  79  20  55  6E  69  76  65  72  73  69  74  79 
406   0D  0A  4C  69  6E  65  20  30  30  35  38  20  7C  20  54  65  61  63  68  65  72  3A  20  57  61  6E  67  20  4A  69  61  6E 
407   78  69  6E  20  7C  20  53  74  75  64  65  6E  74  3A  20  5B  59  6F  75  72  20  49  44  5D  20  5B  59  6F  75  72  20  4E 
408   61  6D  65  5D  0D  0A  4C  69  6E  65  20  30  30  35  39  20  7C  20  45  61  63  68  20  62  79  74  65  20  69  73  20  64 
409   69  73  70  6C  61  79  65  64  20  61  73  20  74  77  6F  20  68  65  78  20  64  69  67  69  74  73  20  7C  20  41  6C  69 
410   67  6E  65  64  20  66  6F  72  6D  61  74  20  7C  20  41  64  64  72  65  73  73  20  68  65  61  64  65  72  0D  0A  4C  69 
411   6E  65  20  30  30  36  30  20  7C  20  46  69  6C  65  20  73  69  7A  65  3A  20  41  62  6F  75  74  20  32  30  4B  42  20 
412   7C  20  53  75  69  74  61  62  6C  65  20  66  6F  72  20  61  6C  6C  20  74  65  73  74  20  63  61  73  65  73  0D  0A  0D 
413   0A  41  20  61  20  42  20  62  20  43  20  63  20  44  20  64  20  45  20  65  20  46  20  66  20  47  20  67  20  48  20  68 
414   20  49  20  69  20  4A  20  6A  20  4B  20  6B  20  4C  20  6C  20  4D  20  6D  20  4E  20  6E  20  4F  20  6F  20  50  20  70 
415   20  51  20  71  20  52  20  72  20  53  20  73  20  54  20  74  20  55  20  75  20  56  20  76  20  57  20  77  20  58  20  78 
416   20  59  20  79  20  5A  20  7A  0D  0A  30  20  31  20  32  20  33  20  34  20  35  20  36  20  37  20  38  20  39  0D  0A  21 
417   20  22  20  23  20  24  20  25  20  26  20  27  20  28  20  29  20  2A  20  2B  20  2C  20  2D  20  2E  20  2F  20  3A  20  3B 
418   20  3C  20  3D  20  3E  20  3F  20  40  20  5B  20  5C  20  5D  20  5E  20  5F  20  60  20  7B  20  7C  20  7D  20  7E  0D  0A 
419   4C  69  6E  65  20  30  30  36  31  20  7C  20  48  65  78  3A  20  30  30  20  30  31  20  30  32  20  30  33  20  30  34  20 

--- 第 15 页 / 共 19 页 ---
行号     0  1  2  3  4  5  6  7  8  9 10 11 12 13 14 15 16 17 18 19 20 21 22 23 24 25 26 27 28 29 30 31
-----------------------------------------------------------------------------------------------------
420   30  35  20  30  36  20  30  37  20  30  38  20  30  39  20  30  41  20  30  42  20  30  43  20  30  44  20  30  45  20  30  46 
421   0D  0A  4C  69  6E  65  20  30  30  36  32  20  7C  20  48  65  78  3A  20  31  30  20  31  31  20  31  32  20  31  33  20  31 
422   34  20  31  35  20  31  36  20  31  37  20  31  38  20  31  39  20  31  41  20  31  42  20  31  43  20  31  44  20  31  45  20 
423   31  46  0D  0A  4C  69  6E  65  20  30  30  36  33  20  7C  20  48  65  78  3A  20  32  30  20  32  31  20  32  32  20  32  33 
424   20  32  34  20  32  35  20  32  36  20  32  37  20  32  38  20  32  39  20  32  41  20  32  42  20  32  43  20  32  44  20  32 
425   45  20  32  46  0D  0A  4C  69  6E  65  20  30  30  36  34  20  7C  20  48  65  78  3A  20  33  30  20  33  31  20  33  32  20 
426   33  33  20  33  34  20  33  35  20  33  36  20  33  37  20  33  38  20  33  39  20  33  41  20  33  42  20  33  43  20  33  44 
427   20  33  45  20  33  46  0D  0A  4C  69  6E  65  20  30  30  36  35  20  7C  20  48  65  78  3A  20  34  30  20  34  31  20  34 
428   32  20  34  33  20  34  34  20  34  35  20  34  36  20  34  37  20  34  38  20  34  39  20  34  41  20  34  42  20  34  43  20 
429   34  44  20  34  45  20  34  46  0D  0A  4C  69  6E  65  20  30  30  36  36  20  7C  20  48  65  78  3A  20  35  30  20  35  31 
430   20  35  32  20  35  33  20  35  34  20  35  35  20  35  36  20  35  37  20  35  38  20  35  39  20  35  41  20  35  42  20  35 
431   43  20  35  44  20  35  45  20  35  46  0D  0A  4C  69  6E  65  20  30  30  36  37  20  7C  20  48  65  78  3A  20  36  30  20 
432   36  31  20  36  32  20  36  33  20  36  34  20  36  35  20  36  36  20  36  37  20  36  38  20  36  39  20  36  41  20  36  42 
433   20  36  43  20  36  44  20  36  45  20  36  46  0D  0A  4C  69  6E  65  20  30  30  36  38  20  7C  20  48  65  78  3A  20  37 
434   30  20  37  31  20  37  32  20  37  33  20  37  34  20  37  35  20  37  36  20  37  37  20  37  38  20  37  39  20  37  41  20 
435   37  42  20  37  43  20  37  44  20  37  45  20  37  46  0D  0A  0D  0A  4C  69  6E  65  20  30  30  37  30  20  7C  20  4A  61 
436   76  61  20  49  4F  20  53  74  72  65  61  6D  20  54  65  73  74  20  7C  20  46  69  6C  65  49  6E  70  75  74  53  74  72 
437   65  61  6D  20  7C  20  52  65  61  64  20  62  79  74  65  20  62  79  20  62  79  74  65  0D  0A  4C  69  6E  65  20  30  30 
438   37  31  20  7C  20  53  77  69  6E  67  20  47  55  49  20  54  65  73  74  20  7C  20  4A  46  72  61  6D  65  20  7C  20  4A 
439   42  75  74  74  6F  6E  20  7C  20  4A  54  65  78  74  41  72  65  61  20  7C  20  4A  46  69  6C  65  43  68  6F  6F  73  65 
440   72  0D  0A  4C  69  6E  65  20  30  30  37  32  20  7C  20  45  78  63  65  70  74  69  6F  6E  20  48  61  6E  64  6C  69  6E 
441   67  20  7C  20  46  69  6C  65  4E  6F  74  46  6F  75  6E  64  45  78  63  65  70  74  69  6F  6E  20  7C  20  49  4F  45  78 
442   63  65  70  74  69  6F  6E  20  7C  20  4E  75  6D  62  65  72  46  6F  72  6D  61  74  45  78  63  65  70  74  69  6F  6E  0D 
443   0A  4C  69  6E  65  20  30  30  37  33  20  7C  20  50  61  67  69  6E  67  20  54  65  73  74  20  7C  20  54  6F  74  61  6C 
444   20  62  79  74  65  73  20  7C  20  54  6F  74  61  6C  20  70  61  67  65  73  20  7C  20  43  75  72  72  65  6E  74  20  70 
445   61  67  65  20  7C  20  4F  66  66  73  65  74  0D  0A  4C  69  6E  65  20  30  30  37  34  20  7C  20  42  75  74  74  6F  6E 
446   20  43  6F  6E  74  72  6F  6C  20  7C  20  46  69  72  73  74  20  7C  20  50  72  65  76  20  7C  20  4E  65  78  74  20  7C 
447   20  4C  61  73  74  20  7C  20  4A  75  6D  70  20  7C  20  45  6E  61  62  6C  65  20  7C  20  44  69  73  61  62  6C  65  0D 
448   0A  4C  69  6E  65  20  30  30  37  35  20  7C  20  53  61  76  65  20  54  65  73  74  20  7C  20  43  68  6F  6F  73  65  20 
449   64  69  72  65  63  74  6F  72  79  20  7C  20  49  6E  70  75  74  20  66  69  6C  65  6E  61  6D  65  20  7C  20  53  61  76 

--- 第 16 页 / 共 19 页 ---
行号     0  1  2  3  4  5  6  7  8  9 10 11 12 13 14 15 16 17 18 19 20 21 22 23 24 25 26 27 28 29 30 31
-----------------------------------------------------------------------------------------------------
450   65  20  61  73  20  74  78  74  20  7C  20  43  68  65  63  6B  20  63  6F  6E  74  65  6E  74  0D  0A  4C  69  6E  65  20  30 
451   30  37  36  20  7C  20  52  6F  62  75  73  74  6E  65  73  73  20  7C  20  46  69  6C  65  20  6E  6F  74  20  65  78  69  73 
452   74  20  7C  20  45  6D  70  74  79  20  66  69  6C  65  20  7C  20  49  6E  76  61  6C  69  64  20  70  61  67  65  20  7C  20 
453   4E  65  67  61  74  69  76  65  20  70  61  67  65  0D  0A  4C  69  6E  65  20  30  30  37  37  20  7C  20  43  6F  75  72  73 
454   65  3A  20  4A  61  76  61  20  50  72  6F  67  72  61  6D  6D  69  6E  67  20  4C  61  62  20  32  20  7C  20  42  79  74  65 
455   53  63  6F  70  65  20  7C  20  42  65  69  6A  69  6E  67  20  46  6F  72  65  73  74  72  79  20  55  6E  69  76  65  72  73 
456   69  74  79  0D  0A  4C  69  6E  65  20  30  30  37  38  20  7C  20  54  65  61  63  68  65  72  3A  20  57  61  6E  67  20  4A 
457   69  61  6E  78  69  6E  20  7C  20  53  74  75  64  65  6E  74  3A  20  5B  59  6F  75  72  20  49  44  5D  20  5B  59  6F  75 
458   72  20  4E  61  6D  65  5D  0D  0A  4C  69  6E  65  20  30  30  37  39  20  7C  20  45  61  63  68  20  62  79  74  65  20  69 
459   73  20  64  69  73  70  6C  61  79  65  64  20  61  73  20  74  77  6F  20  68  65  78  20  64  69  67  69  74  73  20  7C  20 
460   41  6C  69  67  6E  65  64  20  66  6F  72  6D  61  74  20  7C  20  41  64  64  72  65  73  73  20  68  65  61  64  65  72  0D 
461   0A  4C  69  6E  65  20  30  30  38  30  20  7C  20  46  69  6C  65  20  73  69  7A  65  3A  20  41  62  6F  75  74  20  32  30 
462   4B  42  20  7C  20  53  75  69  74  61  62  6C  65  20  66  6F  72  20  61  6C  6C  20  74  65  73  74  20  63  61  73  65  73 
463   0D  0A  0D  0A  41  20  61  20  42  20  62  20  43  20  63  20  44  20  64  20  45  20  65  20  46  20  66  20  47  20  67  20 
464   48  20  68  20  49  20  69  20  4A  20  6A  20  4B  20  6B  20  4C  20  6C  20  4D  20  6D  20  4E  20  6E  20  4F  20  6F  20 
465   50  20  70  20  51  20  71  20  52  20  72  20  53  20  73  20  54  20  74  20  55  20  75  20  56  20  76  20  57  20  77  20 
466   58  20  78  20  59  20  79  20  5A  20  7A  0D  0A  30  20  31  20  32  20  33  20  34  20  35  20  36  20  37  20  38  20  39 
467   0D  0A  21  20  22  20  23  20  24  20  25  20  26  20  27  20  28  20  29  20  2A  20  2B  20  2C  20  2D  20  2E  20  2F  20 
468   3A  20  3B  20  3C  20  3D  20  3E  20  3F  20  40  20  5B  20  5C  20  5D  20  5E  20  5F  20  60  20  7B  20  7C  20  7D  20 
469   7E  0D  0A  4C  69  6E  65  20  30  30  38  31  20  7C  20  48  65  78  3A  20  30  30  20  30  31  20  30  32  20  30  33  20 
470   30  34  20  30  35  20  30  36  20  30  37  20  30  38  20  30  39  20  30  41  20  30  42  20  30  43  20  30  44  20  30  45 
471   20  30  46  0D  0A  4C  69  6E  65  20  30  30  38  32  20  7C  20  48  65  78  3A  20  31  30  20  31  31  20  31  32  20  31 
472   33  20  31  34  20  31  35  20  31  36  20  31  37  20  31  38  20  31  39  20  31  41  20  31  42  20  31  43  20  31  44  20 
473   31  45  20  31  46  0D  0A  4C  69  6E  65  20  30  30  38  33  20  7C  20  48  65  78  3A  20  32  30  20  32  31  20  32  32 
474   20  32  33  20  32  34  20  32  35  20  32  36  20  32  37  20  32  38  20  32  39  20  32  41  20  32  42  20  32  43  20  32 
475   44  20  32  45  20  32  46  0D  0A  4C  69  6E  65  20  30  30  38  34  20  7C  20  48  65  78  3A  20  33  30  20  33  31  20 
476   33  32  20  33  33  20  33  34  20  33  35  20  33  36  20  33  37  20  33  38  20  33  39  20  33  41  20  33  42  20  33  43 
477   20  33  44  20  33  45  20  33  46  0D  0A  4C  69  6E  65  20  30  30  38  35  20  7C  20  48  65  78  3A  20  34  30  20  34 
478   31  20  34  32  20  34  33  20  34  34  20  34  35  20  34  36  20  34  37  20  34  38  20  34  39  20  34  41  20  34  42  20 
479   34  43  20  34  44  20  34  45  20  34  46  0D  0A  4C  69  6E  65  20  30  30  38  36  20  7C  20  48  65  78  3A  20  35  30 

--- 第 17 页 / 共 19 页 ---
行号     0  1  2  3  4  5  6  7  8  9 10 11 12 13 14 15 16 17 18 19 20 21 22 23 24 25 26 27 28 29 30 31
-----------------------------------------------------------------------------------------------------
480   20  35  31  20  35  32  20  35  33  20  35  34  20  35  35  20  35  36  20  35  37  20  35  38  20  35  39  20  35  41  20  35 
481   42  20  35  43  20  35  44  20  35  45  20  35  46  0D  0A  4C  69  6E  65  20  30  30  38  37  20  7C  20  48  65  78  3A  20 
482   36  30  20  36  31  20  36  32  20  36  33  20  36  34  20  36  35  20  36  36  20  36  37  20  36  38  20  36  39  20  36  41 
483   20  36  42  20  36  43  20  36  44  20  36  45  20  36  46  0D  0A  4C  69  6E  65  20  30  30  38  38  20  7C  20  48  65  78 
484   3A  20  37  30  20  37  31  20  37  32  20  37  33  20  37  34  20  37  35  20  37  36  20  37  37  20  37  38  20  37  39  20 
485   37  41  20  37  42  20  37  43  20  37  44  20  37  45  20  37  46  0D  0A  0D  0A  4C  69  6E  65  20  30  30  39  30  20  7C 
486   20  4A  61  76  61  20  49  4F  20  53  74  72  65  61  6D  20  54  65  73  74  20  7C  20  46  69  6C  65  49  6E  70  75  74 
487   53  74  72  65  61  6D  20  7C  20  52  65  61  64  20  62  79  74  65  20  62  79  20  62  79  74  65  0D  0A  4C  69  6E  65 
488   20  30  30  39  31  20  7C  20  53  77  69  6E  67  20  47  55  49  20  54  65  73  74  20  7C  20  4A  46  72  61  6D  65  20 
489   7C  20  4A  42  75  74  74  6F  6E  20  7C  20  4A  54  65  78  74  41  72  65  61  20  7C  20  4A  46  69  6C  65  43  68  6F 
490   6F  73  65  72  0D  0A  4C  69  6E  65  20  30  30  39  32  20  7C  20  45  78  63  65  70  74  69  6F  6E  20  48  61  6E  64 
491   6C  69  6E  67  20  7C  20  46  69  6C  65  4E  6F  74  46  6F  75  6E  64  45  78  63  65  70  74  69  6F  6E  20  7C  20  49 
492   4F  45  78  63  65  70  74  69  6F  6E  20  7C  20  4E  75  6D  62  65  72  46  6F  72  6D  61  74  45  78  63  65  70  74  69 
493   6F  6E  0D  0A  4C  69  6E  65  20  30  30  39  33  20  7C  20  50  61  67  69  6E  67  20  54  65  73  74  20  7C  20  54  6F 
494   74  61  6C  20  62  79  74  65  73  20  7C  20  54  6F  74  61  6C  20  70  61  67  65  73  20  7C  20  43  75  72  72  65  6E 
495   74  20  70  61  67  65  20  7C  20  4F  66  66  73  65  74  0D  0A  4C  69  6E  65  20  30  30  39  34  20  7C  20  42  75  74 
496   74  6F  6E  20  43  6F  6E  74  72  6F  6C  20  7C  20  46  69  72  73  74  20  7C  20  50  72  65  76  20  7C  20  4E  65  78 
497   74  20  7C  20  4C  61  73  74  20  7C  20  4A  75  6D  70  20  7C  20  45  6E  61  62  6C  65  20  7C  20  44  69  73  61  62 
498   6C  65  0D  0A  4C  69  6E  65  20  30  30  39  35  20  7C  20  53  61  76  65  20  54  65  73  74  20  7C  20  43  68  6F  6F 
499   73  65  20  64  69  72  65  63  74  6F  72  79  20  7C  20  49  6E  70  75  74  20  66  69  6C  65  6E  61  6D  65  20  7C  20 
500   53  61  76  65  20  61  73  20  74  78  74  20  7C  20  43  68  65  63  6B  20  63  6F  6E  74  65  6E  74  0D  0A  4C  69  6E 
501   65  20  30  30  39  36  20  7C  20  52  6F  62  75  73  74  6E  65  73  73  20  7C  20  46  69  6C  65  20  6E  6F  74  20  65 
502   78  69  73  74  20  7C  20  45  6D  70  74  79  20  66  69  6C  65  20  7C  20  49  6E  76  61  6C  69  64  20  70  61  67  65 
503   20  7C  20  4E  65  67  61  74  69  76  65  20  70  61  67  65  0D  0A  4C  69  6E  65  20  30  30  39  37  20  7C  20  43  6F 
504   75  72  73  65  3A  20  4A  61  76  61  20  50  72  6F  67  72  61  6D  6D  69  6E  67  20  4C  61  62  20  32  20  7C  20  42 
505   79  74  65  53  63  6F  70  65  20  7C  20  42  65  69  6A  69  6E  67  20  46  6F  72  65  73  74  72  79  20  55  6E  69  76 
506   65  72  73  69  74  79  0D  0A  4C  69  6E  65  20  30  30  39  38  20  7C  20  54  65  61  63  68  65  72  3A  20  57  61  6E 
507   67  20  4A  69  61  6E  78  69  6E  20  7C  20  53  74  75  64  65  6E  74  3A  20  5B  59  6F  75  72  20  49  44  5D  20  5B 
508   59  6F  75  72  20  4E  61  6D  65  5D  0D  0A  4C  69  6E  65  20  30  30  39  39  20  7C  20  45  61  63  68  20  62  79  74 
509   65  20  69  73  20  64  69  73  70  6C  61  79  65  64  20  61  73  20  74  77  6F  20  68  65  78  20  64  69  67  69  74  73 

--- 第 18 页 / 共 19 页 ---
行号     0  1  2  3  4  5  6  7  8  9 10 11 12 13 14 15 16 17 18 19 20 21 22 23 24 25 26 27 28 29 30 31
-----------------------------------------------------------------------------------------------------
510   20  7C  20  41  6C  69  67  6E  65  64  20  66  6F  72  6D  61  74  20  7C  20  41  64  64  72  65  73  73  20  68  65  61  64 
511   65  72  0D  0A  4C  69  6E  65  20  30  31  30  30  20  7C  20  46  69  6C  65  20  73  69  7A  65  3A  20  41  62  6F  75  74 
512   20  32  30  4B  42  20  7C  20  53  75  69  74  61  62  6C  65  20  66  6F  72  20  61  6C  6C  20  74  65  73  74  20  63  61 
513   73  65  73  0D  0A  0D  0A  41  20  61  20  42  20  62  20  43  20  63  20  44  20  64  20  45  20  65  20  46  20  66  20  47 
514   20  67  20  48  20  68  20  49  20  69  20  4A  20  6A  20  4B  20  6B  20  4C  20  6C  20  4D  20  6D  20  4E  20  6E  20  4F 
515   20  6F  20  50  20  70  20  51  20  71  20  52  20  72  20  53  20  73  20  54  20  74  20  55  20  75  20  56  20  76  20  57 
516   20  77  20  58  20  78  20  59  20  79  20  5A  20  7A  0D  0A  30  20  31  20  32  20  33  20  34  20  35  20  36  20  37  20 
517   38  20  39  0D  0A  21  20  22  20  23  20  24  20  25  20  26  20  27  20  28  20  29  20  2A  20  2B  20  2C  20  2D  20  2E 
518   20  2F  20  3A  20  3B  20  3C  20  3D  20  3E  20  3F  20  40  20  5B  20  5C  20  5D  20  5E  20  5F  20  60  20  7B  20  7C 
519   20  7D  20  7E  0D  0A  4C  69  6E  65  20  30  31  30  31  20  7C  20  48  65  78  3A  20  30  30  20  30  31  20  30  32  20 
520   30  33  20  30  34  20  30  35  20  30  36  20  30  37  20  30  38  20  30  39  20  30  41  20  30  42  20  30  43  20  30  44 
521   20  30  45  20  30  46  0D  0A  4C  69  6E  65  20  30  31  30  32  20  7C  20  48  65  78  3A  20  31  30  20  31  31  20  31 
522   32  20  31  33  20  31  34  20  31  35  20  31  36  20  31  37  20  31  38  20  31  39  20  31  41  20  31  42  20  31  43  20 
523   31  44  20  31  45  20  31  46  0D  0A  4C  69  6E  65  20  30  31  30  33  20  7C  20  48  65  78  3A  20  32  30  20  32  31 
524   20  32  32  20  32  33  20  32  34  20  32  35  20  32  36  20  32  37  20  32  38  20  32  39  20  32  41  20  32  42  20  32 
525   43  20  32  44  20  32  45  20  32  46  0D  0A  4C  69  6E  65  20  30  31  30  34  20  7C  20  48  65  78  3A  20  33  30  20 
526   33  31  20  33  32  20  33  33  20  33  34  20  33  35  20  33  36  20  33  37  20  33  38  20  33  39  20  33  41  20  33  42 
527   20  33  43  20  33  44  20  33  45  20  33  46  0D  0A  4C  69  6E  65  20  30  31  30  35  20  7C  20  48  65  78  3A  20  34 
528   30  20  34  31  20  34  32  20  34  33  20  34  34  20  34  35  20  34  36  20  34  37  20  34  38  20  34  39  20  34  41  20 
529   34  42  20  34  43  20  34  44  20  34  45  20  34  46  0D  0A  4C  69  6E  65  20  30  31  30  36  20  7C  20  48  65  78  3A 
530   20  35  30  20  35  31  20  35  32  20  35  33  20  35  34  20  35  35  20  35  36  20  35  37  20  35  38  20  35  39  20  35 
531   41  20  35  42  20  35  43  20  35  44  20  35  45  20  35  46  0D  0A  4C  69  6E  65  20  30  31  30  37  20  7C  20  48  65 
532   78  3A  20  36  30  20  36  31  20  36  32  20  36  33  20  36  34  20  36  35  20  36  36  20  36  37  20  36  38  20  36  39 
533   20  36  41  20  36  42  20  36  43  20  36  44  20  36  45  20  36  46  0D  0A  4C  69  6E  65  20  30  31  30  38  20  7C  20 
534   48  65  78  3A  20  37  30  20  37  31  20  37  32  20  37  33  20  37  34  20  37  35  20  37  36  20  37  37  20  37  38  20 
535   37  39  20  37  41  20  37  42  20  37  43  20  37  44  20  37  45  20  37  46  0D  0A  0D  0A  4C  69  6E  65  20  30  31  31 
536   30  20  7C  20  4A  61  76  61  20  49  4F  20  53  74  72  65  61  6D  20  54  65  73  74  20  7C  20  46  69  6C  65  49  6E 
537   70  75  74  53  74  72  65  61  6D  20  7C  20  52  65  61  64  20  62  79  74  65  20  62  79  20  62  79  74  65  0D  0A  4C 
538   69  6E  65  20  30  31  31  31  20  7C  20  53  77  69  6E  67  20  47  55  49  20  54  65  73  74  20  7C  20  4A  46  72  61 
539   6D  65  20  7C  20  4A  42  75  74  74  6F  6E  20  7C  20  4A  54  65  78  74  41  72  65  61  20  7C  20  4A  46  69  6C  65 

--- 第 19 页 / 共 19 页 ---
行号     0  1  2  3  4  5  6  7  8  9 10 11 12 13 14 15 16 17 18 19 20 21 22 23 24 25 26 27 28 29 30 31
-----------------------------------------------------------------------------------------------------
540   43  68  6F  6F  73  65  72  0D  0A  4C  69  6E  65  20  30  31  31  32  20  7C  20  45  78  63  65  70  74  69  6F  6E  20  48 
541   61  6E  64  6C  69  6E  67  20  7C  20  46  69  6C  65  4E  6F  74  46  6F  75  6E  64  45  78  63  65  70  74  69  6F  6E  20 
542   7C  20  49  4F  45  78  63  65  70  74  69  6F  6E  20  7C  20  4E  75  6D  62  65  72  46  6F  72  6D  61  74  45  78  63  65 
543   70  74  69  6F  6E  0D  0A  4C  69  6E  65  20  30  31  31  33  20  7C  20  50  61  67  69  6E  67  20  54  65  73  74  20  7C 
544   20  54  6F  74  61  6C  20  62  79  74  65  73  20  7C  20  54  6F  74  61  6C  20  70  61  67  65  73  20  7C  20  43  75  72 
545   72  65  6E  74  20  70  61  67  65  20  7C  20  4F  66  66  73  65  74  0D  0A  4C  69  6E  65  20  30  31  31  34  20  7C  20 
546   42  75  74  74  6F  6E  20  43  6F  6E  74  72  6F  6C  20  7C  20  46  69  72  73  74  20  7C  20  50  72  65  76  20  7C  20 
547   4E  65  78  74  20  7C  20  4C  61  73  74  20  7C  20  4A  75  6D  70  20  7C  20  45  6E  61  62  6C  65  20  7C  20  44  69 
548   73  61  62  6C  65  0D  0A  4C  69  6E  65  20  30  31  31  35  20  7C  20  53  61  76  65  20  54  65  73  74  20  7C  20  43 
549   68  6F  6F  73  65  20  64  69  72  65  63  74  6F  72  79  20  7C  20  49  6E  70  75  74  20  66  69  6C  65  6E  61  6D  65 
550   20  7C  20  53  61  76  65  20  61  73  20  74  78  74  20  7C  20  43  68  65  63  6B  20  63  6F  6E  74  65  6E  74  0D  0A 
551   4C  69  6E  65  20  30  31  31  36  20  7C  20  52  6F  62  75  73  74  6E  65  73  73  20  7C  20  46  69  6C  65  20  6E  6F 
552   74  20  65  78  69  73  74  20  7C  20  45  6D  70  74  79  20  66  69  6C  65  20  7C  20  49  6E  76  61  6C  69  64  20  70 
553   61  67  65  20  7C  20  4E  65  67  61  74  69  76  65  20  70  61  67  65  0D  0A  4C  69  6E  65  20  30  31  31  37  20  7C 
554   20  43  6F  75  72  73  65  3A  20  4A  61  76  61  20  50  72  6F  67  72  61  6D  6D  69  6E  67  20  4C  61  62  20  32  20 
555   7C  20  42  79  74  65  53  63  6F  70  65  20  7C  20  42  65  69  6A  69  6E  67  20  46  6F  72  65  73  74  72  79  20  55 
556   6E  69  76  65  72  73  69  74  79  0D  0A  4C  69  6E  65  20  30  31  31  38  20  7C  20  54  65  61  63  68  65  72  3A  20 
557   57  61  6E  67  20  4A  69  61  6E  78  69  6E  20  7C  20  53  74  75  64  65  6E  74  3A  20  5B  59  6F  75  72  20  49  44 
558   5D  20  5B  59  6F  75  72  20  4E  61  6D  65  5D  0D  0A  4C  69  6E  65  20  30  31  31  39  20  7C  20  45  61  63  68  20 
559   62  79  74  65  20  69  73  20  64  69  73  70  6C  61  79  65  64  20  61  73  20  74  77  6F  20  68  65  78  20  64  69  67 
560   69  74  73  20  7C  20  41  6C  69  67  6E  65  64  20  66  6F  72  6D  61  74  20  7C  20  41  64  64  72  65  73  73  20  68 
561   65  61  64  65  72  0D  0A  4C  69  6E  65  20  30  31  32  30  20  7C  20  46  69  6C  65  20  73  69  7A  65  3A  20  41  62 
562   6F  75  74  20  32  30  4B  42  20  7C  20  53  75  69  74  61  62  6C  65  20  66  6F  72  20  61  6C  6C  20  74  65  73  74 
563   20  63  61  73  65  73  0D  0A  0D  0A  2D  2D  2D  20  45  4E  44  20  4F  46  20  31  38  4B  42  20  54  45  53  54  20  46 
564   49  4C  45  20  2D  2D  2D                                                                                                                              
